0.0000 0.0000 0.0000 0.0000
0.1000 -0.0129 0.0000 0.0000
0.2000 -0.0258 0.0000 0.0000
0.3000 -0.0386 0.0000 0.0000
0.4000 -0.0515 0.0000 0.0000
0.5000 -0.0644 0.0000 0.0000
0.6000 -0.0773 0.0000 0.0000
0.7000 -0.0902 0.0000 0.0000
0.8000 -0.1030 0.0000 0.0000
0.9000 -0.1159 0.0000 0.0000
1.0000 -0.1288 0.0000 0.0000
1.1000 -0.1417 0.0000 0.0000
1.2000 -0.1546 0.0000 0.0000
1.3000 -0.1674 0.0000 0.0000
1.4000 -0.1803 0.0000 0.0000
1.5000 -0.1932 0.0000 0.0000
1.6000 -0.2061 0.0000 0.0000
1.7000 -0.2190 0.0000 0.0000
1.8000 -0.2318 0.0000 0.0000
1.9000 -0.2447 0.0000 0.0000
2.0000 -0.2576 0.0000 0.0000
2.1000 -0.2705 0.0000 0.0000
2.2000 -0.2834 0.0000 0.0000
2.3000 -0.2963 0.0000 0.0000
2.4000 -0.3091 0.0000 0.0000
2.5000 -0.3220 0.0000 0.0000
2.6000 -0.3349 0.0000 0.0000
2.7000 -0.3478 0.0000 0.0000
2.8000 -0.3607 0.0000 0.0000
2.9000 -0.3735 0.0000 0.0000
3.0000 -0.3864 0.0000 0.0000
3.1000 -0.3993 0.0000 0.0000
3.2000 -0.4122 0.0000 0.0000
3.3000 -0.4251 0.0000 0.0000
3.4000 -0.4379 0.0000 0.0000
3.5000 -0.4508 0.0000 0.0000
3.6000 -0.4637 0.0000 0.0000
3.7000 -0.4766 0.0000 0.0000
3.8000 -0.4895 0.0000 0.0000
3.9000 -0.5023 0.0000 0.0000
4.0000 -0.5152 0.0000 0.0000
4.1000 -0.5281 0.0000 0.0000
4.2000 -0.5410 0.0000 0.0000
4.3000 -0.5539 0.0000 0.0000
4.4000 -0.5667 0.0000 0.0000
4.5000 -0.5796 0.0000 0.0000
4.6000 -0.5925 0.0000 0.0000
4.7000 -0.6054 0.0000 0.0000
4.8000 -0.6183 0.0000 0.0000
0.0000 0.0000 0.0000 0.0000
0.1000 0.0043 0.0020 0.3224
0.2000 0.0162 0.0062 0.3310
0.3000 0.0282 0.0105 0.3391
0.4000 0.0401 0.0148 0.3469
0.5000 0.0520 0.0193 0.3544
0.6000 0.0639 0.0238 0.3616
0.7000 0.0758 0.0284 0.3685
0.8000 0.0876 0.0331 0.3753
0.9000 0.0994 0.0379 0.3819
1.0000 0.1112 0.0427 0.3883
1.1000 0.1229 0.0476 0.3945
1.2000 0.1346 0.0526 0.4007
1.3000 0.1463 0.0577 0.4067
1.4000 0.1580 0.0628 0.4126
1.5000 0.1696 0.0680 0.4185
1.6000 0.1812 0.0733 0.4242
1.7000 0.1928 0.0786 0.4299
1.8000 0.2044 0.0840 0.4355
1.9000 0.2159 0.0895 0.4411
2.0000 0.2274 0.0950 0.4466
2.1000 0.2388 0.1006 0.4520
2.2000 0.2503 0.1063 0.4574
2.3000 0.2617 0.1120 0.4628
2.4000 0.2731 0.1178 0.4681
2.5000 0.2844 0.1236 0.4735
2.6000 0.2957 0.1295 0.4787
2.7000 0.3070 0.1354 0.4840
2.8000 0.3183 0.1415 0.4892
2.9000 0.3295 0.1475 0.4945
3.0000 0.3407 0.1537 0.4997
3.1000 0.3518 0.1598 0.5049
3.2000 0.3630 0.1661 0.5100
3.3000 0.3741 0.1724 0.5152
3.4000 0.3851 0.1788 0.5204
3.5000 0.3962 0.1852 0.5256
3.6000 0.4072 0.1917 0.5308
3.7000 0.4181 0.1982 0.5359
3.8000 0.4291 0.2048 0.5411
3.9000 0.4400 0.2114 0.5463
4.0000 0.4508 0.2181 0.5515
4.1000 0.4617 0.2249 0.5567
4.2000 0.4725 0.2317 0.5619
4.3000 0.4832 0.2386 0.5672
4.4000 0.4939 0.2455 0.5724
4.5000 0.5046 0.2525 0.5777
4.6000 0.5153 0.2595 0.5830
4.7000 0.5259 0.2666 0.5883
4.8000 0.5364 0.2737 0.5936
4.9000 0.5470 0.2809 0.5990
5.0000 0.5575 0.2882 0.6044
5.1000 0.5679 0.2955 0.6098
5.2000 0.5783 0.3029 0.6153
5.3000 0.5887 0.3103 0.6208
5.4000 0.5990 0.3178 0.6263
5.5000 0.6093 0.3254 0.6319
5.6000 0.6196 0.3330 0.6376
5.7000 0.6298 0.3406 0.6432
5.8000 0.6399 0.3483 0.6490
5.9000 0.6500 0.3561 0.6547
6.0000 0.6601 0.3640 0.6606
6.1000 0.6701 0.3718 0.6665
6.2000 0.6801 0.3798 0.6724
6.3000 0.6900 0.3878 0.6785
6.4000 0.6999 0.3959 0.6846
6.5000 0.7097 0.4040 0.6908
6.6000 0.7195 0.4122 0.6970
6.7000 0.7292 0.4204 0.7034
6.8000 0.7389 0.4287 0.7098
6.9000 0.7485 0.4371 0.7163
7.0000 0.7580 0.4455 0.7229
7.1000 0.7675 0.4540 0.7297
7.2000 0.7769 0.4626 0.7365
7.3000 0.7863 0.4712 0.7435
7.4000 0.7956 0.4799 0.7506
7.5000 0.8049 0.4887 0.7578
7.6000 0.8140 0.4975 0.7652
7.7000 0.8231 0.5063 0.7727
7.8000 0.8322 0.5153 0.7803
7.9000 0.8411 0.5243 0.7882
8.0000 0.8500 0.5334 0.7962
8.1000 0.8588 0.5426 0.8044
8.2000 0.8676 0.5518 0.8128
8.3000 0.8762 0.5611 0.8214
8.4000 0.8848 0.5704 0.8303
8.5000 0.8933 0.5799 0.8394
8.6000 0.9017 0.5894 0.8488
8.7000 0.9100 0.5990 0.8584
8.8000 0.9182 0.6087 0.8683
8.9000 0.9263 0.6184 0.8786
9.0000 0.9342 0.6282 0.8892
9.1000 0.9421 0.6381 0.9002
9.2000 0.9499 0.6481 0.9116
9.3000 0.9575 0.6582 0.9234
9.4000 0.9650 0.6683 0.9356
9.5000 0.9724 0.6786 0.9484
9.6000 0.9796 0.6889 0.9617
9.7000 0.9867 0.6993 0.9756
9.8000 0.9936 0.7098 0.9902
9.9000 1.0004 0.7204 1.0054
10.0000 1.0070 0.7310 1.0214
10.1000 1.0134 0.7418 1.0382
10.2000 1.0196 0.7527 1.0559
10.3000 1.0256 0.7636 1.0746
10.4000 1.0314 0.7746 1.0944
10.5000 1.0369 0.7858 1.1154
10.6000 1.0422 0.7970 1.1377
10.7000 1.0472 0.8083 1.1615
10.8000 1.0519 0.8196 1.1869
10.9000 1.0563 0.8311 1.2140
11.0000 1.0604 0.8426 1.2432
11.1000 1.0641 0.8542 1.2745
11.2000 1.0674 0.8658 1.3084
11.3000 1.0703 0.8775 1.3449
11.4000 1.0727 0.8892 1.3846
11.5000 1.0746 0.9008 1.4276
11.6000 1.0760 0.9125 1.4744
11.7000 1.0768 0.9240 1.5254
11.8000 1.0770 0.9354 1.5810
11.9000 1.0765 0.9461 1.6623
12.0000 1.0750 0.9558 1.7695
12.1000 1.0725 0.9650 1.8882
12.2000 1.0690 0.9735 2.0110
12.3000 1.0644 0.9813 2.1361
12.4000 1.0588 0.9882 2.2634
12.5000 1.0523 0.9942 2.3933
12.6000 1.0439 1.0009 2.4607
12.7000 1.0358 1.0059 2.5690
12.8000 1.0274 1.0097 2.6883
12.9000 1.0192 1.0117 2.8428
13.0000 1.0112 1.0120 3.0183
13.1000 1.0007 1.0118 3.1094
13.2000 0.9891 1.0126 3.0870
13.3000 0.9827 1.0115 3.2436
13.4000 0.9760 1.0101 3.3141
13.5000 0.9702 1.0086 3.3697
13.6000 0.9646 1.0071 3.3879
13.7000 0.9591 1.0058 3.3785
13.8000 0.9538 1.0046 3.3681
13.9000 0.9486 1.0035 3.3599
14.0000 0.9436 1.0024 3.3536
14.1000 0.9387 1.0014 3.3485
14.2000 0.9339 1.0004 3.3443
14.3000 0.9291 0.9995 3.3406
14.4000 0.9244 0.9985 3.3375
14.5000 0.9197 0.9976 3.3347
14.6000 0.9151 0.9967 3.3322
14.7000 0.9104 0.9959 3.3300
14.8000 0.9059 0.9950 3.3279
14.9000 0.9013 0.9941 3.3260
15.0000 0.8967 0.9933 3.3242
15.1000 0.8922 0.9925 3.3226
15.2000 0.8877 0.9917 3.3210
15.3000 0.8832 0.9909 3.3195
15.4000 0.8787 0.9901 3.3181
15.5000 0.8742 0.9893 3.3167
15.6000 0.8697 0.9885 3.3154
15.7000 0.8652 0.9877 3.3142
15.8000 0.8607 0.9869 3.3130
15.9000 0.8563 0.9862 3.3118
16.0000 0.8518 0.9854 3.3106
16.1000 0.8473 0.9846 3.3095
16.2000 0.8429 0.9839 3.3085
16.3000 0.8384 0.9832 3.3074
16.4000 0.8339 0.9824 3.3064
16.5000 0.8294 0.9817 3.3054
16.6000 0.8250 0.9809 3.3044
16.7000 0.8205 0.9802 3.3034
16.8000 0.8160 0.9795 3.3024
16.9000 0.8115 0.9788 3.3015
17.0000 0.8071 0.9781 3.3006
17.1000 0.8026 0.9773 3.2996
17.2000 0.7981 0.9766 3.2987
17.3000 0.7936 0.9759 3.2978
17.4000 0.7891 0.9752 3.2969
17.5000 0.7846 0.9745 3.2961
17.6000 0.7800 0.9738 3.2952
17.7000 0.7755 0.9731 3.2943
17.8000 0.7710 0.9724 3.2935
17.9000 0.7665 0.9718 3.2926
18.0000 0.7619 0.9711 3.2918
18.1000 0.7574 0.9704 3.2909
18.2000 0.7529 0.9697 3.2901
18.3000 0.7483 0.9690 3.2893
18.4000 0.7437 0.9684 3.2884
18.5000 0.7392 0.9677 3.2876
18.6000 0.7346 0.9670 3.2868
18.7000 0.7300 0.9664 3.2860
18.8000 0.7254 0.9657 3.2852
18.9000 0.7208 0.9650 3.2844
19.0000 0.7162 0.9644 3.2836
19.1000 0.7116 0.9637 3.2828
19.2000 0.7070 0.9631 3.2820
19.3000 0.7024 0.9624 3.2812
19.4000 0.6977 0.9618 3.2804
19.5000 0.6931 0.9611 3.2796
19.6000 0.6885 0.9605 3.2788
19.7000 0.6838 0.9599 3.2780
19.8000 0.6791 0.9592 3.2772
19.9000 0.6745 0.9586 3.2764
20.0000 0.6698 0.9580 3.2757
20.1000 0.6651 0.9573 3.2749
20.2000 0.6604 0.9567 3.2741
20.3000 0.6557 0.9561 3.2733
20.4000 0.6510 0.9555 3.2725
20.5000 0.6462 0.9549 3.2717
20.6000 0.6415 0.9542 3.2710
20.7000 0.6368 0.9536 3.2702
20.8000 0.6320 0.9530 3.2694
20.9000 0.6273 0.9524 3.2686
21.0000 0.6225 0.9518 3.2678
21.1000 0.6177 0.9512 3.2671
21.2000 0.6129 0.9506 3.2663
21.3000 0.6081 0.9500 3.2655
21.4000 0.6033 0.9494 3.2647
21.5000 0.5985 0.9488 3.2639
21.6000 0.5937 0.9482 3.2632
21.7000 0.5889 0.9477 3.2624
21.8000 0.5840 0.9471 3.2616
21.9000 0.5792 0.9465 3.2608
22.0000 0.5743 0.9459 3.2600
22.1000 0.5694 0.9454 3.2593
22.2000 0.5646 0.9448 3.2585
22.3000 0.5597 0.9442 3.2577
22.4000 0.5548 0.9437 3.2569
22.5000 0.5499 0.9431 3.2561
22.6000 0.5450 0.9425 3.2554
22.7000 0.5400 0.9420 3.2546
22.8000 0.5351 0.9414 3.2538
22.9000 0.5302 0.9409 3.2530
23.0000 0.5252 0.9403 3.2522
23.1000 0.5202 0.9398 3.2514
23.2000 0.5153 0.9392 3.2506
23.3000 0.5103 0.9387 3.2498
23.4000 0.5053 0.9382 3.2490
23.5000 0.5003 0.9376 3.2483
23.6000 0.4953 0.9371 3.2475
23.7000 0.4903 0.9366 3.2467
23.8000 0.4852 0.9360 3.2459
23.9000 0.4802 0.9355 3.2451
24.0000 0.4751 0.9350 3.2443
24.1000 0.4701 0.9345 3.2435
24.2000 0.4650 0.9340 3.2427
24.3000 0.4599 0.9335 3.2419
24.4000 0.4548 0.9330 3.2411
24.5000 0.4497 0.9324 3.2403
24.6000 0.4446 0.9319 3.2395
24.7000 0.4395 0.9315 3.2386
24.8000 0.4343 0.9310 3.2378
24.9000 0.4292 0.9305 3.2370
25.0000 0.4240 0.9300 3.2362
25.1000 0.4189 0.9295 3.2354
25.2000 0.4137 0.9290 3.2346
25.3000 0.4085 0.9285 3.2338
25.4000 0.4033 0.9281 3.2330
25.5000 0.3981 0.9276 3.2321
25.6000 0.3929 0.9271 3.2313
25.7000 0.3877 0.9267 3.2305
25.8000 0.3824 0.9262 3.2297
25.9000 0.3772 0.9257 3.2288
26.0000 0.3719 0.9253 3.2280
26.1000 0.3667 0.9248 3.2272
26.2000 0.3614 0.9244 3.2263
26.3000 0.3561 0.9240 3.2255
26.4000 0.3508 0.9235 3.2247
26.5000 0.3455 0.9231 3.2238
26.6000 0.3402 0.9226 3.2230
26.7000 0.3348 0.9222 3.2222
26.8000 0.3295 0.9218 3.2213
26.9000 0.3241 0.9214 3.2205
27.0000 0.3188 0.9210 3.2196
27.1000 0.3134 0.9205 3.2188
27.2000 0.3080 0.9201 3.2179
27.3000 0.3026 0.9197 3.2171
27.4000 0.2972 0.9193 3.2162
27.5000 0.2918 0.9189 3.2153
27.6000 0.2864 0.9185 3.2145
27.7000 0.2809 0.9181 3.2136
27.8000 0.2755 0.9178 3.2128
27.9000 0.2700 0.9174 3.2119
28.0000 0.2646 0.9170 3.2110
28.1000 0.2591 0.9166 3.2102
28.2000 0.2536 0.9163 3.2093
28.3000 0.2481 0.9159 3.2084
28.4000 0.2426 0.9155 3.2075
28.5000 0.2370 0.9152 3.2066
28.6000 0.2315 0.9148 3.2058
28.7000 0.2260 0.9145 3.2049
28.8000 0.2204 0.9141 3.2040
28.9000 0.2148 0.9138 3.2031
29.0000 0.2093 0.9134 3.2022
29.1000 0.2037 0.9131 3.2013
29.2000 0.1981 0.9128 3.2004
29.3000 0.1924 0.9125 3.1995
29.4000 0.1868 0.9121 3.1986
29.5000 0.1812 0.9118 3.1977
29.6000 0.1755 0.9115 3.1968
29.7000 0.1699 0.9112 3.1959
29.8000 0.1642 0.9109 3.1949
29.9000 0.1585 0.9106 3.1940
30.0000 0.1529 0.9103 3.1931
30.1000 0.1472 0.9100 3.1922
30.2000 0.1414 0.9098 3.1913
30.3000 0.1357 0.9095 3.1903
30.4000 0.1300 0.9092 3.1894
30.5000 0.1242 0.9090 3.1885
30.6000 0.1185 0.9087 3.1875
30.7000 0.1127 0.9084 3.1866
30.8000 0.1069 0.9082 3.1856
30.9000 0.1011 0.9079 3.1847
31.0000 0.0953 0.9077 3.1837
31.1000 0.0895 0.9075 3.1828
31.2000 0.0837 0.9072 3.1818
31.3000 0.0779 0.9070 3.1809
31.4000 0.0720 0.9068 3.1799
31.5000 0.0662 0.9066 3.1789
31.6000 0.0603 0.9063 3.1780
31.7000 0.0544 0.9061 3.1770
31.8000 0.0485 0.9059 3.1760
31.9000 0.0426 0.9057 3.1750
32.0000 0.0367 0.9056 3.1740
32.1000 0.0308 0.9054 3.1730
32.2000 0.0249 0.9052 3.1721
32.3000 0.0189 0.9050 3.1711
32.4000 0.0130 0.9049 3.1701
32.5000 0.0070 0.9047 3.1691
32.6000 0.0010 0.9045 3.1680
32.7000 -0.0050 0.9044 3.1670
32.8000 -0.0110 0.9043 3.1660
32.9000 -0.0170 0.9041 3.1650
33.0000 -0.0230 0.9040 3.1640
33.1000 -0.0291 0.9039 3.1629
33.2000 -0.0351 0.9037 3.1619
33.3000 -0.0412 0.9036 3.1609
33.4000 -0.0472 0.9035 3.1598
33.5000 -0.0533 0.9034 3.1588
33.6000 -0.0594 0.9033 3.1577
33.7000 -0.0655 0.9032 3.1567
33.8000 -0.0716 0.9031 3.1556
33.9000 -0.0778 0.9031 3.1546
34.0000 -0.0839 0.9030 3.1535
34.1000 -0.0901 0.9029 3.1524
34.2000 -0.0962 0.9029 3.1513
34.3000 -0.1024 0.9028 3.1503
34.4000 -0.1086 0.9028 3.1492
34.5000 -0.1148 0.9027 3.1481
34.6000 -0.1210 0.9027 3.1470
34.7000 -0.1272 0.9027 3.1459
34.8000 -0.1334 0.9027 3.1448
34.9000 -0.1397 0.9027 3.1437
35.0000 -0.1459 0.9027 3.1425
35.1000 -0.1522 0.9027 3.1414
35.2000 -0.1584 0.9027 3.1403
35.3000 -0.1647 0.9027 3.1392
35.4000 -0.1710 0.9027 3.1380
35.5000 -0.1773 0.9028 3.1369
35.6000 -0.1837 0.9028 3.1357
35.7000 -0.1900 0.9029 3.1346
35.8000 -0.1963 0.9029 3.1334
35.9000 -0.2027 0.9030 3.1322
36.0000 -0.2090 0.9030 3.1310
36.1000 -0.2154 0.9031 3.1299
36.2000 -0.2218 0.9032 3.1287
36.3000 -0.2282 0.9033 3.1275
36.4000 -0.2346 0.9034 3.1263
36.5000 -0.2410 0.9035 3.1251
36.6000 -0.2475 0.9036 3.1239
36.7000 -0.2539 0.9038 3.1226
36.8000 -0.2603 0.9039 3.1214
36.9000 -0.2668 0.9040 3.1202
37.0000 -0.2733 0.9042 3.1189
37.1000 -0.2798 0.9043 3.1177
37.2000 -0.2863 0.9045 3.1164
37.3000 -0.2928 0.9047 3.1151
37.4000 -0.2993 0.9049 3.1139
37.5000 -0.3058 0.9051 3.1126
37.6000 -0.3124 0.9053 3.1113
37.7000 -0.3189 0.9055 3.1100
37.8000 -0.3255 0.9057 3.1087
37.9000 -0.3321 0.9059 3.1074
38.0000 -0.3386 0.9062 3.1060
38.1000 -0.3452 0.9064 3.1047
38.2000 -0.3518 0.9067 3.1033
38.3000 -0.3585 0.9069 3.1020
38.4000 -0.3651 0.9072 3.1006
38.5000 -0.3717 0.9075 3.0993
38.6000 -0.3784 0.9078 3.0979
38.7000 -0.3850 0.9081 3.0965
38.8000 -0.3917 0.9084 3.0951
38.9000 -0.3984 0.9087 3.0937
39.0000 -0.4051 0.9091 3.0922
39.1000 -0.4118 0.9094 3.0908
39.2000 -0.4185 0.9098 3.0893
39.3000 -0.4252 0.9101 3.0879
39.4000 -0.4320 0.9105 3.0864
39.5000 -0.4387 0.9109 3.0849
39.6000 -0.4455 0.9113 3.0834
39.7000 -0.4522 0.9117 3.0819
39.8000 -0.4590 0.9121 3.0804
39.9000 -0.4658 0.9126 3.0789
40.0000 -0.4726 0.9130 3.0773
40.1000 -0.4794 0.9135 3.0758
40.2000 -0.4862 0.9139 3.0742
40.3000 -0.4931 0.9144 3.0726
40.4000 -0.4999 0.9149 3.0710
40.5000 -0.5068 0.9154 3.0693
40.6000 -0.5136 0.9159 3.0677
40.7000 -0.5205 0.9164 3.0660
40.8000 -0.5274 0.9170 3.0644
40.9000 -0.5343 0.9175 3.0627
41.0000 -0.5412 0.9181 3.0610
41.1000 -0.5481 0.9187 3.0592
41.2000 -0.5550 0.9193 3.0575
41.3000 -0.5619 0.9199 3.0557
41.4000 -0.5688 0.9205 3.0539
41.5000 -0.5758 0.9211 3.0521
41.6000 -0.5828 0.9218 3.0503
41.7000 -0.5897 0.9224 3.0484
41.8000 -0.5967 0.9231 3.0466
41.9000 -0.6037 0.9238 3.0447
42.0000 -0.6107 0.9245 3.0428
42.1000 -0.6177 0.9252 3.0408
42.2000 -0.6247 0.9259 3.0388
42.3000 -0.6317 0.9267 3.0368
42.4000 -0.6387 0.9274 3.0348
42.5000 -0.6458 0.9282 3.0327
42.6000 -0.6528 0.9290 3.0306
42.7000 -0.6599 0.9298 3.0285
42.8000 -0.6670 0.9306 3.0264
42.9000 -0.6740 0.9315 3.0242
43.0000 -0.6811 0.9323 3.0220
43.1000 -0.6882 0.9332 3.0197
43.2000 -0.6953 0.9341 3.0174
43.3000 -0.7024 0.9350 3.0150
43.4000 -0.7095 0.9359 3.0127
43.5000 -0.7166 0.9369 3.0102
43.6000 -0.7238 0.9379 3.0078
43.7000 -0.7309 0.9388 3.0052
43.8000 -0.7380 0.9398 3.0027
43.9000 -0.7452 0.9409 3.0000
44.0000 -0.7523 0.9419 2.9973
44.1000 -0.7595 0.9430 2.9946
44.2000 -0.7667 0.9441 2.9918
44.3000 -0.7738 0.9452 2.9889
44.4000 -0.7810 0.9463 2.9860
44.5000 -0.7882 0.9475 2.9829
44.6000 -0.7954 0.9487 2.9798
44.7000 -0.8026 0.9499 2.9767
44.8000 -0.8098 0.9511 2.9734
44.9000 -0.8170 0.9524 2.9700
45.0000 -0.8242 0.9537 2.9665
45.1000 -0.8314 0.9550 2.9629
45.2000 -0.8386 0.9563 2.9592
45.3000 -0.8458 0.9577 2.9554
45.4000 -0.8530 0.9591 2.9514
45.5000 -0.8602 0.9605 2.9472
45.6000 -0.8675 0.9620 2.9429
45.7000 -0.8747 0.9635 2.9384
45.8000 -0.8819 0.9650 2.9337
45.9000 -0.8891 0.9666 2.9287
46.0000 -0.8963 0.9682 2.9235
46.1000 -0.9035 0.9699 2.9180
46.2000 -0.9107 0.9716 2.9122
46.3000 -0.9179 0.9733 2.9059
46.4000 -0.9251 0.9751 2.8993
46.5000 -0.9323 0.9770 2.8921
46.6000 -0.9395 0.9789 2.8843
46.7000 -0.9466 0.9809 2.8757
46.8000 -0.9537 0.9829 2.8663
46.9000 -0.9609 0.9851 2.8556
47.0000 -0.9679 0.9873 2.8433
47.1000 -0.9750 0.9896 2.8289
47.2000 -0.9820 0.9921 2.8112
47.3000 -0.9890 0.9947 2.7880
47.4000 -0.9958 0.9976 2.7534
47.5000 -1.0025 1.0011 2.6773
47.6000 -1.0044 1.0013 2.9370
47.7000 -1.0055 1.0009 3.3202
47.8000 -1.0056 1.0008 3.7916
47.9000 -1.0058 1.0004 4.2612
48.0000 -1.0083 0.9930 4.4668
48.1000 -1.0084 0.9915 4.8944
48.2000 -1.0063 0.9852 5.1115
48.3000 -1.0046 0.9831 5.4773
48.4000 -0.9998 0.9804 5.7272
48.5000 -0.9898 0.9751 5.7795
48.6000 -0.9816 0.9725 5.9226
48.7000 -0.9710 0.9696 5.9860
48.8000 -0.9600 0.9671 6.0409
48.9000 -0.9486 0.9651 6.0847
49.0000 -0.9372 0.9636 6.1331
49.1000 -0.9262 0.9630 6.1994
49.2000 -0.9168 0.9640 0.0433
49.3000 -0.9135 0.9659 0.3972
49.4000 -0.9134 0.9660 0.8554
49.5000 -0.9109 0.9706 1.1402
49.6000 -0.9061 0.9817 1.1689
49.7000 -0.9016 0.9929 1.2057
49.8000 -0.8976 1.0041 1.2468
49.9000 -0.8941 1.0155 1.2884
50.0000 -0.8911 1.0270 1.3288
50.1000 -0.8885 1.0387 1.3671
50.2000 -0.8863 1.0505 1.4030
50.3000 -0.8845 1.0624 1.4364
50.4000 -0.8830 1.0744 1.4675
50.5000 -0.8819 1.0865 1.4963
50.6000 -0.8812 1.0987 1.5229
50.7000 -0.8808 1.1109 1.5491
50.8000 -0.8807 1.1228 1.5856
50.9000 -0.8812 1.1343 1.6353
51.0000 -0.8823 1.1453 1.7014
51.1000 -0.8841 1.1555 1.7884
51.2000 -0.8868 1.1648 1.9011
51.3000 -0.8903 1.1726 2.0455
51.4000 -0.8946 1.1786 2.2276
51.5000 -0.8994 1.1824 2.4525
51.6000 -0.9042 1.1841 2.7215
51.7000 -0.9101 1.1845 2.9651
51.8000 -0.9131 1.1834 3.3320
51.9000 -0.9135 1.1830 3.7918
52.0000 -0.9152 1.1805 4.1703
52.1000 -0.9206 1.1710 4.2063
52.2000 -0.9259 1.1612 4.2234
52.3000 -0.9311 1.1513 4.2337
52.4000 -0.9362 1.1413 4.2408
52.5000 -0.9412 1.1313 4.2463
52.6000 -0.9463 1.1212 4.2510
52.7000 -0.9512 1.1111 4.2553
52.8000 -0.9562 1.1010 4.2596
52.9000 -0.9611 1.0909 4.2639
53.0000 -0.9659 1.0807 4.2684
53.1000 -0.9707 1.0706 4.2732
53.2000 -0.9755 1.0604 4.2785
53.3000 -0.9801 1.0501 4.2845
53.4000 -0.9848 1.0399 4.2916
53.5000 -0.9893 1.0296 4.3004
53.6000 -0.9937 1.0193 4.3122
53.7000 -0.9980 1.0089 4.3311
53.8000 -1.0017 0.9987 4.3795
53.9000 -1.0018 0.9978 4.8308
54.0000 -1.0005 0.9936 5.1352
54.1000 -0.9999 0.9930 5.5845
54.2000 -0.9943 0.9906 5.8152
54.3000 -0.9865 0.9888 5.9842
54.4000 -0.9748 0.9856 6.0061
54.5000 -0.9626 0.9822 6.0125
54.6000 -0.9503 0.9789 6.0155
54.7000 -0.9380 0.9755 6.0170
54.8000 -0.9257 0.9722 6.0176
54.9000 -0.9134 0.9688 6.0176
55.0000 -0.9011 0.9655 6.0171
55.1000 -0.8888 0.9621 6.0164
55.2000 -0.8765 0.9587 6.0154
55.3000 -0.8641 0.9553 6.0142
55.4000 -0.8518 0.9519 6.0129
55.5000 -0.8395 0.9485 6.0114
55.6000 -0.8272 0.9450 6.0098
55.7000 -0.8149 0.9415 6.0083
55.8000 -0.8026 0.9380 6.0067
55.9000 -0.7903 0.9345 6.0051
56.0000 -0.7781 0.9310 6.0036
56.1000 -0.7658 0.9274 6.0021
56.2000 -0.7535 0.9238 6.0006
56.3000 -0.7413 0.9203 5.9991
56.4000 -0.7290 0.9167 5.9976
56.5000 -0.7167 0.9130 5.9962
56.6000 -0.7045 0.9094 5.9949
56.7000 -0.6923 0.9057 5.9936
56.8000 -0.6800 0.9021 5.9924
56.9000 -0.6678 0.8984 5.9912
57.0000 -0.6555 0.8947 5.9900
57.1000 -0.6433 0.8910 5.9890
57.2000 -0.6311 0.8872 5.9880
57.3000 -0.6189 0.8835 5.9871
57.4000 -0.6067 0.8798 5.9862
57.5000 -0.5945 0.8760 5.9854
57.6000 -0.5822 0.8723 5.9848
57.7000 -0.5700 0.8685 5.9841
57.8000 -0.5578 0.8647 5.9836
57.9000 -0.5456 0.8609 5.9832
58.0000 -0.5334 0.8572 5.9828
58.1000 -0.5212 0.8534 5.9825
58.2000 -0.5090 0.8496 5.9824
58.3000 -0.4968 0.8458 5.9823
58.4000 -0.4846 0.8420 5.9823
58.5000 -0.4724 0.8382 5.9824
58.6000 -0.4602 0.8345 5.9827
58.7000 -0.4481 0.8307 5.9830
58.8000 -0.4359 0.8269 5.9834
58.9000 -0.4237 0.8232 5.9840
59.0000 -0.4115 0.8194 5.9846
59.1000 -0.3993 0.8157 5.9854
59.2000 -0.3871 0.8119 5.9863
59.3000 -0.3749 0.8082 5.9873
59.4000 -0.3626 0.8045 5.9884
59.5000 -0.3504 0.8008 5.9897
59.6000 -0.3382 0.7972 5.9911
59.7000 -0.3260 0.7935 5.9926
59.8000 -0.3138 0.7899 5.9943
59.9000 -0.3016 0.7863 5.9960
60.0000 -0.2893 0.7827 5.9980
60.1000 -0.2771 0.7792 6.0000
60.2000 -0.2648 0.7757 6.0023
60.3000 -0.2526 0.7722 6.0046
60.4000 -0.2403 0.7687 6.0072
60.5000 -0.2281 0.7653 6.0098
60.6000 -0.2158 0.7619 6.0127
60.7000 -0.2035 0.7586 6.0156
60.8000 -0.1913 0.7553 6.0188
60.9000 -0.1790 0.7520 6.0221
61.0000 -0.1667 0.7488 6.0256
61.1000 -0.1544 0.7456 6.0293
61.2000 -0.1420 0.7425 6.0331
61.3000 -0.1297 0.7394 6.0371
61.4000 -0.1174 0.7364 6.0413
61.5000 -0.1050 0.7334 6.0456
61.6000 -0.0927 0.7305 6.0502
61.7000 -0.0803 0.7277 6.0549
61.8000 -0.0679 0.7249 6.0598
61.9000 -0.0556 0.7222 6.0649
62.0000 -0.0432 0.7195 6.0702
62.1000 -0.0308 0.7169 6.0757
62.2000 -0.0183 0.7144 6.0814
62.3000 -0.0059 0.7120 6.0872
62.4000 0.0065 0.7096 6.0932
62.5000 0.0190 0.7074 6.0995
62.6000 0.0314 0.7052 6.1059
62.7000 0.0439 0.7031 6.1125
62.8000 0.0564 0.7010 6.1193
62.9000 0.0689 0.6991 6.1263
63.0000 0.0814 0.6973 6.1334
63.1000 0.0939 0.6955 6.1408
63.2000 0.1064 0.6939 6.1483
63.3000 0.1189 0.6923 6.1560
63.4000 0.1315 0.6909 6.1638
63.5000 0.1440 0.6895 6.1719
63.6000 0.1566 0.6883 6.1801
63.7000 0.1691 0.6871 6.1884
63.8000 0.1817 0.6861 6.1970
63.9000 0.1943 0.6852 6.2056
64.0000 0.2069 0.6843 6.2145
64.1000 0.2195 0.6836 6.2234
64.2000 0.2320 0.6831 6.2326
64.3000 0.2446 0.6826 6.2418
64.4000 0.2572 0.6823 6.2512
64.5000 0.2698 0.6820 6.2607
64.6000 0.2824 0.6819 6.2704
64.7000 0.2950 0.6820 6.2801
64.8000 0.3076 0.6821 0.0068
64.9000 0.3202 0.6824 0.0168
65.0000 0.3328 0.6828 0.0269
65.1000 0.3453 0.6833 0.0371
65.2000 0.3579 0.6840 0.0474
65.3000 0.3705 0.6848 0.0578
65.4000 0.3830 0.6857 0.0682
65.5000 0.3956 0.6867 0.0788
65.6000 0.4081 0.6879 0.0895
65.7000 0.4206 0.6893 0.1002
65.8000 0.4331 0.6907 0.1110
65.9000 0.4456 0.6923 0.1219
66.0000 0.4581 0.6941 0.1329
66.1000 0.4705 0.6959 0.1439
66.2000 0.4829 0.6979 0.1550
66.3000 0.4953 0.7001 0.1662
66.4000 0.5077 0.7024 0.1775
66.5000 0.5201 0.7048 0.1888
66.6000 0.5324 0.7074 0.2002
66.7000 0.5447 0.7101 0.2117
66.8000 0.5569 0.7129 0.2233
66.9000 0.5691 0.7159 0.2349
67.0000 0.5813 0.7191 0.2467
67.1000 0.5935 0.7223 0.2585
67.2000 0.6056 0.7258 0.2704
67.3000 0.6177 0.7293 0.2824
67.4000 0.6297 0.7330 0.2945
67.5000 0.6417 0.7369 0.3067
67.6000 0.6536 0.7409 0.3191
67.7000 0.6655 0.7451 0.3315
67.8000 0.6773 0.7494 0.3441
67.9000 0.6891 0.7538 0.3568
68.0000 0.7008 0.7584 0.3697
68.1000 0.7124 0.7632 0.3828
68.2000 0.7240 0.7681 0.3960
68.3000 0.7355 0.7731 0.4086
68.4000 0.7470 0.7783 0.4202
68.5000 0.7585 0.7836 0.4312
68.6000 0.7699 0.7891 0.4417
68.7000 0.7812 0.7946 0.4520
68.8000 0.7925 0.8003 0.4620
68.9000 0.8038 0.8061 0.4719
69.0000 0.8150 0.8120 0.4819
69.1000 0.8261 0.8180 0.4919
69.2000 0.8372 0.8241 0.5022
69.3000 0.8482 0.8303 0.5127
69.4000 0.8591 0.8367 0.5236
69.5000 0.8700 0.8431 0.5350
69.6000 0.8807 0.8497 0.5470
69.7000 0.8914 0.8565 0.5598
69.8000 0.9019 0.8633 0.5735
69.9000 0.9123 0.8703 0.5885
70.0000 0.9226 0.8775 0.6049
70.1000 0.9328 0.8848 0.6232
70.2000 0.9427 0.8923 0.6438
70.3000 0.9524 0.9000 0.6674
70.4000 0.9618 0.9079 0.6948
70.5000 0.9709 0.9160 0.7270
70.6000 0.9796 0.9244 0.7656
70.7000 0.9878 0.9331 0.8127
70.8000 0.9954 0.9420 0.8708
70.9000 1.0021 0.9511 0.9437
71.0000 1.0078 0.9603 1.0364
71.1000 1.0123 0.9695 1.1548
71.2000 1.0153 0.9783 1.3052
71.3000 1.0167 0.9867 1.4793
71.4000 1.0173 0.9975 1.5597
71.5000 1.0173 1.0098 1.5777
71.6000 1.0168 1.0200 1.6685
71.7000 1.0154 1.0256 1.9175
71.8000 1.0134 1.0286 2.2365
71.9000 1.0111 1.0299 2.5926
72.0000 1.0037 1.0326 2.7412
72.1000 0.9959 1.0341 2.8896
72.2000 0.9877 1.0345 3.0203
72.3000 0.9786 1.0345 3.1016
72.4000 0.9701 1.0339 3.1765
72.5000 0.9618 1.0329 3.2322
72.6000 0.9540 1.0317 3.2746
72.7000 0.9465 1.0304 3.3066
72.8000 0.9394 1.0289 3.3313
72.9000 0.9327 1.0274 3.3508
73.0000 0.9263 1.0259 3.3666
73.1000 0.9202 1.0244 3.3795
73.2000 0.9143 1.0229 3.3904
73.3000 0.9086 1.0214 3.3922
73.4000 0.9028 1.0200 3.3873
73.5000 0.8972 1.0186 3.3818
73.6000 0.8916 1.0173 3.3768
73.7000 0.8862 1.0160 3.3723
73.8000 0.8807 1.0148 3.3681
73.9000 0.8754 1.0136 3.3644
74.0000 0.8701 1.0124 3.3609
74.1000 0.8648 1.0112 3.3577
74.2000 0.8596 1.0101 3.3548
74.3000 0.8544 1.0090 3.3520
74.4000 0.8492 1.0079 3.3494
74.5000 0.8441 1.0069 3.3469
74.6000 0.8390 1.0058 3.3446
74.7000 0.8339 1.0048 3.3424
74.8000 0.8288 1.0038 3.3403
74.9000 0.8238 1.0028 3.3383
75.0000 0.8188 1.0018 3.3364
75.1000 0.8138 1.0008 3.3345
75.2000 0.8088 0.9999 3.3327
75.3000 0.8038 0.9989 3.3310
75.4000 0.7988 0.9980 3.3293
75.5000 0.7938 0.9970 3.3277
75.6000 0.7889 0.9961 3.3261
75.7000 0.7839 0.9952 3.3246
75.8000 0.7790 0.9943 3.3231
75.9000 0.7741 0.9934 3.3217
76.0000 0.7691 0.9925 3.3203
76.1000 0.7642 0.9916 3.3189
76.2000 0.7593 0.9908 3.3175
76.3000 0.7544 0.9899 3.3162
76.4000 0.7494 0.9890 3.3149
76.5000 0.7445 0.9882 3.3136
76.6000 0.7396 0.9874 3.3124
76.7000 0.7347 0.9865 3.3111
76.8000 0.7298 0.9857 3.3099
76.9000 0.7249 0.9849 3.3087
77.0000 0.7200 0.9840 3.3076
77.1000 0.7151 0.9832 3.3064
77.2000 0.7101 0.9824 3.3053
77.3000 0.7052 0.9816 3.3041
77.4000 0.7003 0.9808 3.3030
77.5000 0.6954 0.9800 3.3019
77.6000 0.6905 0.9792 3.3008
77.7000 0.6855 0.9784 3.2997
77.8000 0.6806 0.9777 3.2986
77.9000 0.6757 0.9769 3.2976
78.0000 0.6707 0.9761 3.2965
78.1000 0.6658 0.9754 3.2955
78.2000 0.6609 0.9746 3.2944
78.3000 0.6559 0.9739 3.2934
78.4000 0.6510 0.9731 3.2924
78.5000 0.6460 0.9724 3.2914
78.6000 0.6410 0.9716 3.2904
78.7000 0.6361 0.9709 3.2894
78.8000 0.6311 0.9701 3.2884
78.9000 0.6261 0.9694 3.2874
79.0000 0.6211 0.9687 3.2864
79.1000 0.6161 0.9680 3.2854
79.2000 0.6112 0.9673 3.2845
79.3000 0.6062 0.9665 3.2835
79.4000 0.6011 0.9658 3.2825
79.5000 0.5961 0.9651 3.2816
79.6000 0.5911 0.9644 3.2806
79.7000 0.5861 0.9637 3.2796
79.8000 0.5811 0.9630 3.2787
79.9000 0.5760 0.9624 3.2778
80.0000 0.5710 0.9617 3.2768
80.1000 0.5659 0.9610 3.2759
80.2000 0.5609 0.9603 3.2749
80.3000 0.5558 0.9596 3.2740
80.4000 0.5507 0.9590 3.2731
80.5000 0.5456 0.9583 3.2721
80.6000 0.5405 0.9576 3.2712
80.7000 0.5355 0.9570 3.2703
80.8000 0.5303 0.9563 3.2694
80.9000 0.5252 0.9557 3.2684
81.0000 0.5201 0.9550 3.2675
81.1000 0.5150 0.9544 3.2666
81.2000 0.5099 0.9538 3.2657
81.3000 0.5047 0.9531 3.2648
81.4000 0.4996 0.9525 3.2638
81.5000 0.4944 0.9519 3.2629
81.6000 0.4892 0.9512 3.2620
81.7000 0.4841 0.9506 3.2611
81.8000 0.4789 0.9500 3.2602
81.9000 0.4737 0.9494 3.2593
82.0000 0.4685 0.9488 3.2584
82.1000 0.4633 0.9482 3.2575
82.2000 0.4580 0.9476 3.2565
82.3000 0.4528 0.9470 3.2556
82.4000 0.4476 0.9464 3.2547
82.5000 0.4423 0.9458 3.2538
82.6000 0.4371 0.9452 3.2529
82.7000 0.4318 0.9446 3.2520
82.8000 0.4266 0.9441 3.2511
82.9000 0.4213 0.9435 3.2502
83.0000 0.4160 0.9429 3.2493
83.1000 0.4107 0.9424 3.2484
83.2000 0.4054 0.9418 3.2475
83.3000 0.4001 0.9412 3.2465
83.4000 0.3947 0.9407 3.2456
83.5000 0.3894 0.9401 3.2447
83.6000 0.3841 0.9396 3.2438
83.7000 0.3787 0.9391 3.2429
83.8000 0.3733 0.9385 3.2420
83.9000 0.3680 0.9380 3.2411
84.0000 0.3626 0.9375 3.2402
84.1000 0.3572 0.9369 3.2392
84.2000 0.3518 0.9364 3.2383
84.3000 0.3464 0.9359 3.2374
84.4000 0.3410 0.9354 3.2365
84.5000 0.3355 0.9349 3.2356
84.6000 0.3301 0.9344 3.2347
84.7000 0.3246 0.9339 3.2337
84.8000 0.3192 0.9334 3.2328
84.9000 0.3137 0.9329 3.2319
85.0000 0.3082 0.9324 3.2310
85.1000 0.3027 0.9319 3.2300
85.2000 0.2972 0.9314 3.2291
85.3000 0.2917 0.9309 3.2282
85.4000 0.2862 0.9305 3.2273
85.5000 0.2807 0.9300 3.2263
85.6000 0.2752 0.9295 3.2254
85.7000 0.2696 0.9291 3.2245
85.8000 0.2640 0.9286 3.2235
85.9000 0.2585 0.9282 3.2226
86.0000 0.2529 0.9277 3.2217
86.1000 0.2473 0.9273 3.2207
86.2000 0.2417 0.9269 3.2198
86.3000 0.2361 0.9264 3.2188
86.4000 0.2305 0.9260 3.2179
86.5000 0.2249 0.9256 3.2169
86.6000 0.2192 0.9252 3.2160
86.7000 0.2136 0.9247 3.2150
86.8000 0.2079 0.9243 3.2141
86.9000 0.2022 0.9239 3.2131
87.0000 0.1966 0.9235 3.2122
87.1000 0.1909 0.9231 3.2112
87.2000 0.1852 0.9227 3.2102
87.3000 0.1794 0.9224 3.2093
87.4000 0.1737 0.9220 3.2083
87.5000 0.1680 0.9216 3.2073
87.6000 0.1622 0.9212 3.2064
87.7000 0.1565 0.9209 3.2054
87.8000 0.1507 0.9205 3.2044
87.9000 0.1450 0.9202 3.2035
88.0000 0.1392 0.9198 3.2025
88.1000 0.1334 0.9195 3.2015
88.2000 0.1276 0.9191 3.2005
88.3000 0.1217 0.9188 3.1995
88.4000 0.1159 0.9185 3.1985
88.5000 0.1101 0.9181 3.1975
88.6000 0.1042 0.9178 3.1965
88.7000 0.0984 0.9175 3.1955
88.8000 0.0925 0.9172 3.1945
88.9000 0.0866 0.9169 3.1935
89.0000 0.0807 0.9166 3.1925
89.1000 0.0748 0.9163 3.1915
89.2000 0.0689 0.9160 3.1905
89.3000 0.0630 0.9157 3.1895
89.4000 0.0570 0.9155 3.1885
89.5000 0.0511 0.9152 3.1874
89.6000 0.0451 0.9149 3.1864
89.7000 0.0392 0.9147 3.1854
89.8000 0.0332 0.9144 3.1844
89.9000 0.0272 0.9142 3.1833
90.0000 0.0212 0.9139 3.1823
90.1000 0.0152 0.9137 3.1812
90.2000 0.0092 0.9135 3.1802
90.3000 0.0031 0.9132 3.1791
90.4000 -0.0029 0.9130 3.1781
90.5000 -0.0090 0.9128 3.1770
90.6000 -0.0150 0.9126 3.1760
90.7000 -0.0211 0.9124 3.1749
90.8000 -0.0272 0.9122 3.1738
90.9000 -0.0333 0.9120 3.1728
91.0000 -0.0394 0.9118 3.1717
91.1000 -0.0455 0.9117 3.1706
91.2000 -0.0516 0.9115 3.1695
91.3000 -0.0578 0.9113 3.1684
91.4000 -0.0639 0.9112 3.1673
91.5000 -0.0701 0.9110 3.1662
91.6000 -0.0763 0.9109 3.1651
91.7000 -0.0825 0.9108 3.1640
91.8000 -0.0887 0.9106 3.1629
91.9000 -0.0949 0.9105 3.1618
92.0000 -0.1011 0.9104 3.1607
92.1000 -0.1073 0.9103 3.1596
92.2000 -0.1136 0.9102 3.1584
92.3000 -0.1198 0.9101 3.1573
92.4000 -0.1261 0.9100 3.1562
92.5000 -0.1324 0.9099 3.1550
92.6000 -0.1386 0.9098 3.1539
92.7000 -0.1449 0.9098 3.1527
92.8000 -0.1512 0.9097 3.1516
92.9000 -0.1576 0.9097 3.1504
93.0000 -0.1639 0.9096 3.1492
93.1000 -0.1702 0.9096 3.1480
93.2000 -0.1766 0.9096 3.1469
93.3000 -0.1829 0.9095 3.1457
93.4000 -0.1893 0.9095 3.1445
93.5000 -0.1957 0.9095 3.1433
93.6000 -0.2021 0.9095 3.1421
93.7000 -0.2085 0.9095 3.1409
93.8000 -0.2149 0.9095 3.1396
93.9000 -0.2214 0.9096 3.1384
94.0000 -0.2278 0.9096 3.1372
94.1000 -0.2342 0.9096 3.1360
94.2000 -0.2407 0.9097 3.1347
94.3000 -0.2472 0.9097 3.1335
94.4000 -0.2537 0.9098 3.1322
94.5000 -0.2601 0.9099 3.1309
94.6000 -0.2667 0.9100 3.1297
94.7000 -0.2732 0.9101 3.1284
94.8000 -0.2797 0.9102 3.1271
94.9000 -0.2862 0.9103 3.1258
95.0000 -0.2928 0.9104 3.1245
95.1000 -0.2993 0.9105 3.1232
95.2000 -0.3059 0.9106 3.1219
95.3000 -0.3125 0.9108 3.1206
95.4000 -0.3191 0.9109 3.1192
95.5000 -0.3257 0.9111 3.1179
95.6000 -0.3323 0.9113 3.1165
95.7000 -0.3389 0.9114 3.1152
95.8000 -0.3456 0.9116 3.1138
95.9000 -0.3522 0.9118 3.1124
96.0000 -0.3589 0.9120 3.1110
96.1000 -0.3655 0.9123 3.1096
96.2000 -0.3722 0.9125 3.1082
96.3000 -0.3789 0.9127 3.1068
96.4000 -0.3856 0.9130 3.1054
96.5000 -0.3923 0.9132 3.1039
96.6000 -0.3990 0.9135 3.1025
96.7000 -0.4057 0.9138 3.1010
96.8000 -0.4125 0.9141 3.0996
96.9000 -0.4192 0.9144 3.0981
97.0000 -0.4260 0.9147 3.0966
97.1000 -0.4328 0.9150 3.0951
97.2000 -0.4396 0.9153 3.0936
97.3000 -0.4464 0.9157 3.0920
97.4000 -0.4532 0.9160 3.0905
97.5000 -0.4600 0.9164 3.0889
97.6000 -0.4668 0.9168 3.0874
97.7000 -0.4736 0.9171 3.0858
97.8000 -0.4805 0.9175 3.0842
97.9000 -0.4873 0.9180 3.0826
98.0000 -0.4942 0.9184 3.0809
98.1000 -0.5011 0.9188 3.0793
98.2000 -0.5080 0.9193 3.0776
98.3000 -0.5148 0.9197 3.0759
98.4000 -0.5218 0.9202 3.0743
98.5000 -0.5287 0.9207 3.0725
98.6000 -0.5356 0.9212 3.0708
98.7000 -0.5425 0.9217 3.0691
98.8000 -0.5495 0.9222 3.0673
98.9000 -0.5564 0.9227 3.0655
99.0000 -0.5634 0.9233 3.0637
99.1000 -0.5704 0.9239 3.0619
99.2000 -0.5773 0.9244 3.0600
99.3000 -0.5843 0.9250 3.0582
99.4000 -0.5913 0.9256 3.0563
99.5000 -0.5983 0.9262 3.0544
99.6000 -0.6054 0.9269 3.0524
99.7000 -0.6124 0.9275 3.0505
99.8000 -0.6194 0.9282 3.0485
99.9000 -0.6265 0.9289 3.0465
100.0000 -0.6335 0.9296 3.0444
100.1000 -0.6406 0.9303 3.0423
100.2000 -0.6477 0.9310 3.0402
100.3000 -0.6547 0.9317 3.0381
100.4000 -0.6618 0.9325 3.0359
100.5000 -0.6689 0.9333 3.0337
100.6000 -0.6760 0.9341 3.0315
100.7000 -0.6831 0.9349 3.0292
100.8000 -0.6903 0.9357 3.0269
100.9000 -0.6974 0.9366 3.0246
101.0000 -0.7045 0.9374 3.0222
101.1000 -0.7117 0.9383 3.0197
101.2000 -0.7188 0.9392 3.0172
101.3000 -0.7260 0.9401 3.0147
101.4000 -0.7332 0.9411 3.0121
101.5000 -0.7403 0.9420 3.0095
101.6000 -0.7475 0.9430 3.0068
101.7000 -0.7547 0.9440 3.0041
101.8000 -0.7619 0.9450 3.0013
101.9000 -0.7691 0.9461 2.9984
102.0000 -0.7763 0.9472 2.9954
102.1000 -0.7835 0.9483 2.9924
102.2000 -0.7907 0.9494 2.9893
102.3000 -0.7979 0.9505 2.9862
102.4000 -0.8052 0.9517 2.9829
102.5000 -0.8124 0.9529 2.9795
102.6000 -0.8196 0.9541 2.9761
102.7000 -0.8268 0.9554 2.9725
102.8000 -0.8341 0.9566 2.9688
102.9000 -0.8413 0.9579 2.9650
103.0000 -0.8486 0.9593 2.9610
103.1000 -0.8558 0.9606 2.9569
103.2000 -0.8631 0.9620 2.9526
103.3000 -0.8703 0.9635 2.9482
103.4000 -0.8775 0.9649 2.9435
103.5000 -0.8848 0.9664 2.9387
103.6000 -0.8920 0.9680 2.9336
103.7000 -0.8993 0.9696 2.9282
103.8000 -0.9065 0.9712 2.9224
103.9000 -0.9137 0.9729 2.9164
104.0000 -0.9209 0.9746 2.9099
104.1000 -0.9282 0.9764 2.9029
104.2000 -0.9354 0.9782 2.8954
104.3000 -0.9426 0.9801 2.8872
104.4000 -0.9497 0.9821 2.8782
104.5000 -0.9569 0.9841 2.8681
104.6000 -0.9640 0.9863 2.8566
104.7000 -0.9711 0.9885 2.8433
104.8000 -0.9782 0.9908 2.8274
104.9000 -0.9852 0.9933 2.8073
105.0000 -0.9921 0.9960 2.7798
105.1000 -0.9990 0.9991 2.7338
105.2000 -1.0041 1.0032 2.5157
105.3000 -1.0071 1.0039 2.8020
105.4000 -1.0076 1.0038 3.2218
105.5000 -1.0076 1.0037 3.7032
105.6000 -1.0083 1.0029 4.1536
105.7000 -1.0122 0.9946 4.3116
105.8000 -1.0126 0.9928 4.7322
105.9000 -1.0118 0.9832 4.8472
106.0000 -1.0106 0.9798 5.1831
106.1000 -1.0078 0.9766 5.4816
106.2000 -1.0022 0.9731 5.6931
106.3000 -0.9925 0.9675 5.7473
106.4000 -0.9837 0.9639 5.8582
106.5000 -0.9735 0.9604 5.9279
106.6000 -0.9629 0.9575 5.9899
106.7000 -0.9517 0.9550 6.0406
106.8000 -0.9408 0.9534 6.1033
106.9000 -0.9306 0.9530 6.2024
107.0000 -0.9242 0.9548 0.1616
107.1000 -0.9229 0.9559 0.5850
107.2000 -0.9213 0.9580 0.9639
107.3000 -0.9161 0.9669 1.0617
107.4000 -0.9109 0.9772 1.1176
107.5000 -0.9061 0.9879 1.1692
107.6000 -0.9019 0.9988 1.2181
107.7000 -0.8981 1.0100 1.2644
107.8000 -0.8948 1.0213 1.3080
107.9000 -0.8920 1.0329 1.3488
108.0000 -0.8896 1.0446 1.3869
108.1000 -0.8876 1.0565 1.4222
108.2000 -0.8861 1.0684 1.4550
108.3000 -0.8848 1.0805 1.4853
108.4000 -0.8840 1.0926 1.5133
108.5000 -0.8834 1.1048 1.5392
108.6000 -0.8833 1.1168 1.5720
108.7000 -0.8835 1.1285 1.6172
108.8000 -0.8844 1.1396 1.6779
108.9000 -0.8860 1.1501 1.7583
109.0000 -0.8884 1.1597 1.8632
109.1000 -0.8916 1.1680 1.9983
109.2000 -0.8957 1.1745 2.1697
109.3000 -0.9004 1.1790 2.3830
109.4000 -0.9052 1.1813 2.6408
109.5000 -0.9116 1.1825 2.8581
109.6000 -0.9160 1.1817 3.1678
109.7000 -0.9173 1.1809 3.5979
109.8000 -0.9178 1.1802 4.0484
109.9000 -0.9222 1.1729 4.2103
110.0000 -0.9274 1.1631 4.2300
110.1000 -0.9326 1.1531 4.2416
110.2000 -0.9376 1.1430 4.2495
110.3000 -0.9426 1.1329 4.2555
110.4000 -0.9475 1.1228 4.2606
110.5000 -0.9524 1.1126 4.2652
110.6000 -0.9572 1.1025 4.2697
110.7000 -0.9620 1.0923 4.2743
110.8000 -0.9668 1.0820 4.2791
110.9000 -0.9715 1.0718 4.2843
111.0000 -0.9761 1.0615 4.2900
111.1000 -0.9807 1.0512 4.2964
111.2000 -0.9852 1.0409 4.3040
111.3000 -0.9896 1.0305 4.3134
111.4000 -0.9939 1.0201 4.3260
111.5000 -0.9980 1.0096 4.3460
111.6000 -1.0016 0.9994 4.3954
111.7000 -1.0021 0.9957 4.7440
111.8000 -1.0016 0.9936 5.1380
111.9000 -1.0006 0.9926 5.5614
112.0000 -0.9947 0.9897 5.7757
112.1000 -0.9876 0.9880 5.9685
112.2000 -0.9763 0.9850 6.0080
112.3000 -0.9642 0.9818 6.0180
112.4000 -0.9519 0.9785 6.0228
112.5000 -0.9396 0.9753 6.0255
112.6000 -0.9273 0.9721 6.0270
112.7000 -0.9150 0.9689 6.0278
112.8000 -0.9027 0.9657 6.0279
112.9000 -0.8903 0.9624 6.0277
113.0000 -0.8780 0.9592 6.0271
113.1000 -0.8656 0.9560 6.0262
113.2000 -0.8533 0.9527 6.0252
113.3000 -0.8410 0.9494 6.0239
113.4000 -0.8286 0.9461 6.0225
113.5000 -0.8163 0.9428 6.0210
113.6000 -0.8040 0.9395 6.0194
113.7000 -0.7916 0.9361 6.0177
113.8000 -0.7793 0.9327 6.0159
113.9000 -0.7670 0.9293 6.0142
114.0000 -0.7547 0.9259 6.0125
114.1000 -0.7424 0.9224 6.0109
114.2000 -0.7301 0.9190 6.0092
114.3000 -0.7178 0.9155 6.0076
114.4000 -0.7055 0.9120 6.0060
114.5000 -0.6932 0.9085 6.0045
114.6000 -0.6809 0.9049 6.0030
114.7000 -0.6687 0.9014 6.0016
114.8000 -0.6564 0.8978 6.0002
114.9000 -0.6441 0.8942 5.9989
115.0000 -0.6319 0.8906 5.9976
115.1000 -0.6196 0.8870 5.9964
115.2000 -0.6074 0.8833 5.9953
115.3000 -0.5951 0.8797 5.9942
115.4000 -0.5829 0.8760 5.9933
115.5000 -0.5706 0.8724 5.9923
115.6000 -0.5584 0.8687 5.9915
115.7000 -0.5462 0.8650 5.9908
115.8000 -0.5339 0.8613 5.9901
115.9000 -0.5217 0.8576 5.9895
116.0000 -0.5095 0.8539 5.9890
116.1000 -0.4973 0.8502 5.9886
116.2000 -0.4850 0.8465 5.9883
116.3000 -0.4728 0.8428 5.9881
116.4000 -0.4606 0.8390 5.9880
116.5000 -0.4484 0.8353 5.9880
116.6000 -0.4362 0.8316 5.9881
116.7000 -0.4239 0.8279 5.9883
116.8000 -0.4117 0.8242 5.9886
116.9000 -0.3995 0.8205 5.9891
117.0000 -0.3873 0.8168 5.9896
117.1000 -0.3751 0.8131 5.9903
117.2000 -0.3629 0.8095 5.9910
117.3000 -0.3506 0.8058 5.9919
117.4000 -0.3384 0.8022 5.9930
117.5000 -0.3262 0.7985 5.9941
117.6000 -0.3139 0.7949 5.9954
117.7000 -0.3017 0.7913 5.9968
117.8000 -0.2895 0.7877 5.9984
117.9000 -0.2772 0.7842 6.0001
118.0000 -0.2650 0.7807 6.0019
118.1000 -0.2527 0.7772 6.0039
118.2000 -0.2405 0.7737 6.0061
118.3000 -0.2282 0.7702 6.0084
118.4000 -0.2159 0.7668 6.0108
118.5000 -0.2037 0.7634 6.0134
118.6000 -0.1914 0.7601 6.0162
118.7000 -0.1791 0.7568 6.0191
118.8000 -0.1668 0.7535 6.0223
118.9000 -0.1545 0.7503 6.0255
119.0000 -0.1422 0.7471 6.0290
119.1000 -0.1299 0.7440 6.0326
119.2000 -0.1175 0.7409 6.0365
119.3000 -0.1052 0.7379 6.0405
119.4000 -0.0929 0.7349 6.0447
119.5000 -0.0805 0.7320 6.0491
119.6000 -0.0681 0.7291 6.0536
119.7000 -0.0558 0.7263 6.0584
119.8000 -0.0434 0.7236 6.0634
119.9000 -0.0310 0.7209 6.0686
120.0000 -0.0186 0.7183 6.0739
120.1000 -0.0062 0.7158 6.0795
120.2000 0.0062 0.7133 6.0853
120.3000 0.0187 0.7109 6.0912
120.4000 0.0311 0.7086 6.0974
120.5000 0.0436 0.7064 6.1038
120.6000 0.0561 0.7043 6.1104
120.7000 0.0685 0.7022 6.1172
120.8000 0.0810 0.7003 6.1242
120.9000 0.0935 0.6984 6.1313
121.0000 0.1060 0.6966 6.1387
121.1000 0.1185 0.6950 6.1463
121.2000 0.1311 0.6934 6.1541
121.3000 0.1436 0.6919 6.1620
121.4000 0.1561 0.6905 6.1702
121.5000 0.1687 0.6893 6.1785
121.6000 0.1812 0.6881 6.1870
121.7000 0.1938 0.6871 6.1957
121.8000 0.2064 0.6861 6.2046
121.9000 0.2189 0.6853 6.2136
122.0000 0.2315 0.6846 6.2228
122.1000 0.2441 0.6840 6.2321
122.2000 0.2567 0.6836 6.2416
122.3000 0.2693 0.6832 6.2512
122.4000 0.2819 0.6830 6.2610
122.5000 0.2945 0.6829 6.2709
122.6000 0.3070 0.6829 6.2810
122.7000 0.3196 0.6831 0.0080
122.8000 0.3322 0.6834 0.0183
122.9000 0.3448 0.6838 0.0287
123.0000 0.3573 0.6844 0.0392
123.1000 0.3699 0.6851 0.0499
123.2000 0.3825 0.6859 0.0606
123.3000 0.3950 0.6869 0.0714
123.4000 0.4075 0.6880 0.0823
123.5000 0.4200 0.6892 0.0934
123.6000 0.4325 0.6906 0.1045
123.7000 0.4450 0.6921 0.1157
123.8000 0.4575 0.6938 0.1269
123.9000 0.4699 0.6956 0.1383
124.0000 0.4824 0.6975 0.1497
124.1000 0.4948 0.6996 0.1612
124.2000 0.5071 0.7018 0.1728
124.3000 0.5195 0.7042 0.1844
124.4000 0.5318 0.7067 0.1962
124.5000 0.5441 0.7094 0.2080
124.6000 0.5564 0.7122 0.2198
124.7000 0.5686 0.7152 0.2318
124.8000 0.5808 0.7183 0.2438
124.9000 0.5929 0.7215 0.2559
125.0000 0.6050 0.7249 0.2682
125.1000 0.6171 0.7284 0.2805
125.2000 0.6291 0.7321 0.2928
125.3000 0.6411 0.7360 0.3053
125.4000 0.6530 0.7400 0.3179
125.5000 0.6649 0.7441 0.3307
125.6000 0.6767 0.7484 0.3435
125.7000 0.6885 0.7528 0.3565
125.8000 0.7002 0.7574 0.3696
125.9000 0.7118 0.7622 0.3829
126.0000 0.7234 0.7671 0.3963
126.1000 0.7349 0.7722 0.4089
126.2000 0.7464 0.7774 0.4206
126.3000 0.7579 0.7827 0.4316
126.4000 0.7693 0.7881 0.4422
126.5000 0.7806 0.7937 0.4524
126.6000 0.7919 0.7994 0.4625
126.7000 0.8032 0.8052 0.4724
126.8000 0.8144 0.8111 0.4824
126.9000 0.8255 0.8171 0.4924
127.0000 0.8366 0.8232 0.5027
127.1000 0.8476 0.8294 0.5132
127.2000 0.8585 0.8358 0.5240
127.3000 0.8693 0.8423 0.5354
127.4000 0.8801 0.8489 0.5474
127.5000 0.8908 0.8556 0.5601
127.6000 0.9013 0.8624 0.5738
127.7000 0.9117 0.8694 0.5887
127.8000 0.9220 0.8766 0.6050
127.9000 0.9321 0.8839 0.6232
128.0000 0.9421 0.8914 0.6436
128.1000 0.9518 0.8991 0.6670
128.2000 0.9612 0.9070 0.6940
128.3000 0.9704 0.9152 0.7258
128.4000 0.9791 0.9235 0.7639
128.5000 0.9873 0.9322 0.8101
128.6000 0.9949 0.9411 0.8672
128.7000 1.0017 0.9502 0.9386
128.8000 1.0075 0.9594 1.0293
128.9000 1.0121 0.9686 1.1450
129.0000 1.0152 0.9775 1.2920
129.1000 1.0167 0.9857 1.4734
129.2000 1.0172 0.9963 1.5616
129.3000 1.0172 1.0085 1.5838
129.4000 1.0167 1.0192 1.6576
129.5000 1.0154 1.0251 1.8976
129.6000 1.0134 1.0282 2.2133
129.7000 1.0111 1.0295 2.5680
129.8000 1.0041 1.0321 2.7339
129.9000 0.9963 1.0337 2.8807
130.0000 0.9882 1.0342 3.0165
130.1000 0.9792 1.0342 3.0977
130.2000 0.9706 1.0336 3.1743
130.3000 0.9623 1.0326 3.2309
130.4000 0.9545 1.0314 3.2740
130.5000 0.9470 1.0301 3.3064
130.6000 0.9400 1.0286 3.3313
130.7000 0.9333 1.0271 3.3510
130.8000 0.9269 1.0256 3.3668
130.9000 0.9208 1.0241 3.3799
131.0000 0.9149 1.0226 3.3907
131.1000 0.9091 1.0211 3.3919
131.2000 0.9034 1.0197 3.3869
131.3000 0.8978 1.0183 3.3814
131.4000 0.8922 1.0170 3.3764
131.5000 0.8868 1.0157 3.3718
131.6000 0.8814 1.0145 3.3677
131.7000 0.8760 1.0133 3.3640
131.8000 0.8707 1.0121 3.3605
131.9000 0.8654 1.0110 3.3574
132.0000 0.8602 1.0099 3.3544
132.1000 0.8550 1.0088 3.3516
132.2000 0.8499 1.0077 3.3490
132.3000 0.8448 1.0066 3.3466
132.4000 0.8397 1.0056 3.3443
132.5000 0.8346 1.0046 3.3421
132.6000 0.8295 1.0035 3.3400
132.7000 0.8245 1.0025 3.3380
132.8000 0.8195 1.0016 3.3360
132.9000 0.8145 1.0006 3.3342
133.0000 0.8095 0.9996 3.3324
133.1000 0.8045 0.9987 3.3307
133.2000 0.7995 0.9977 3.3290
133.3000 0.7946 0.9968 3.3274
133.4000 0.7896 0.9959 3.3259
133.5000 0.7847 0.9950 3.3243
133.6000 0.7798 0.9941 3.3229
133.7000 0.7748 0.9932 3.3214
133.8000 0.7699 0.9923 3.3200
133.9000 0.7650 0.9914 3.3186
0.0000 0.0000 0.0000 0.0000
0.1000 0.0045 0.0021 0.3150
0.2000 0.0161 0.0063 0.3388
0.3000 0.0277 0.0107 0.3579
0.4000 0.0393 0.0154 0.3741
0.5000 0.0509 0.0202 0.3882
0.6000 0.0625 0.0252 0.4008
0.7000 0.0740 0.0303 0.4122
0.8000 0.0856 0.0355 0.4227
0.9000 0.0971 0.0408 0.4323
1.0000 0.1085 0.0463 0.4414
1.1000 0.1199 0.0519 0.4499
1.2000 0.1313 0.0575 0.4580
1.3000 0.1427 0.0632 0.4656
1.4000 0.1540 0.0690 0.4729
1.5000 0.1652 0.0749 0.4799
1.6000 0.1765 0.0809 0.4867
1.7000 0.1877 0.0870 0.4932
1.8000 0.1989 0.0931 0.4995
1.9000 0.2100 0.0993 0.5056
2.0000 0.2211 0.1056 0.5115
2.1000 0.2322 0.1119 0.5173
2.2000 0.2433 0.1183 0.5229
2.3000 0.2543 0.1247 0.5284
2.4000 0.2653 0.1312 0.5338
2.5000 0.2762 0.1378 0.5391
2.6000 0.2871 0.1444 0.5443
2.7000 0.2980 0.1511 0.5494
2.8000 0.3089 0.1578 0.5544
2.9000 0.3197 0.1646 0.5593
3.0000 0.3305 0.1715 0.5642
3.1000 0.3412 0.1784 0.5690
3.2000 0.3520 0.1853 0.5738
3.3000 0.3627 0.1923 0.5785
3.4000 0.3733 0.1994 0.5832
3.5000 0.3839 0.2065 0.5878
3.6000 0.3945 0.2136 0.5924
3.7000 0.4051 0.2208 0.5969
3.8000 0.4157 0.2281 0.6014
3.9000 0.4262 0.2353 0.6059
4.0000 0.4366 0.2427 0.6104
4.1000 0.4471 0.2501 0.6149
4.2000 0.4575 0.2575 0.6193
4.3000 0.4679 0.2650 0.6238
4.4000 0.4782 0.2725 0.6282
4.5000 0.4885 0.2801 0.6326
4.6000 0.4988 0.2877 0.6370
4.7000 0.5090 0.2953 0.6415
4.8000 0.5192 0.3030 0.6459
4.9000 0.5294 0.3108 0.6503
5.0000 0.5395 0.3186 0.6548
5.1000 0.5496 0.3264 0.6593
5.2000 0.5597 0.3343 0.6637
5.3000 0.5697 0.3422 0.6682
5.4000 0.5797 0.3502 0.6728
5.5000 0.5897 0.3582 0.6773
5.6000 0.5996 0.3663 0.6819
5.7000 0.6095 0.3744 0.6865
5.8000 0.6194 0.3826 0.6912
5.9000 0.6292 0.3907 0.6959
6.0000 0.6389 0.3990 0.7006
6.1000 0.6487 0.4073 0.7054
6.2000 0.6583 0.4156 0.7103
6.3000 0.6680 0.4240 0.7152
6.4000 0.6776 0.4324 0.7201
6.5000 0.6872 0.4409 0.7252
6.6000 0.6967 0.4494 0.7303
6.7000 0.7061 0.4580 0.7355
6.8000 0.7156 0.4666 0.7407
6.9000 0.7249 0.4753 0.7461
7.0000 0.7343 0.4840 0.7516
7.1000 0.7435 0.4928 0.7571
7.2000 0.7528 0.5016 0.7628
7.3000 0.7619 0.5105 0.7686
7.4000 0.7711 0.5194 0.7745
7.5000 0.7801 0.5284 0.7805
7.6000 0.7891 0.5374 0.7867
7.7000 0.7981 0.5465 0.7931
7.8000 0.8070 0.5556 0.7996
7.9000 0.8158 0.5648 0.8063
8.0000 0.8245 0.5741 0.8132
8.1000 0.8332 0.5834 0.8203
8.2000 0.8418 0.5928 0.8276
8.3000 0.8504 0.6022 0.8352
8.4000 0.8589 0.6117 0.8430
8.5000 0.8672 0.6213 0.8511
8.6000 0.8755 0.6309 0.8594
8.7000 0.8838 0.6406 0.8682
8.8000 0.8919 0.6503 0.8772
8.9000 0.8999 0.6602 0.8867
9.0000 0.9078 0.6700 0.8965
9.1000 0.9157 0.6800 0.9068
9.2000 0.9234 0.6901 0.9176
9.3000 0.9310 0.7002 0.9289
9.4000 0.9384 0.7104 0.9408
9.5000 0.9457 0.7206 0.9533
9.6000 0.9529 0.7310 0.9665
9.7000 0.9600 0.7414 0.9805
9.8000 0.9668 0.7520 0.9954
9.9000 0.9735 0.7626 1.0111
10.0000 0.9800 0.7733 1.0279
10.1000 0.9864 0.7841 1.0459
10.2000 0.9925 0.7950 1.0651
10.3000 0.9983 0.8059 1.0858
10.4000 1.0039 0.8170 1.1081
10.5000 1.0093 0.8281 1.1322
10.6000 1.0143 0.8394 1.1583
10.7000 1.0190 0.8507 1.1868
10.8000 1.0233 0.8620 1.2180
10.9000 1.0273 0.8735 1.2523
11.0000 1.0308 0.8850 1.2902
11.1000 1.0338 0.8964 1.3322
11.2000 1.0363 0.9079 1.3792
11.3000 1.0382 0.9194 1.4318
11.4000 1.0394 0.9307 1.4914
11.5000 1.0399 0.9418 1.5590
11.6000 1.0396 0.9525 1.6404
11.7000 1.0384 0.9622 1.7505
11.8000 1.0361 0.9712 1.8754
11.9000 1.0327 0.9794 2.0099
12.0000 1.0283 0.9866 2.1549
12.1000 1.0229 0.9926 2.3120
12.2000 1.0162 0.9982 2.4446
12.3000 1.0089 1.0023 2.5937
12.4000 1.0059 1.0024 2.9573
12.5000 0.9935 1.0045 2.9682
12.6000 0.9866 1.0034 3.1889
12.7000 0.9758 1.0017 3.2610
12.8000 0.9643 0.9997 3.3006
12.9000 0.9527 0.9974 3.3269
13.0000 0.9411 0.9949 3.3452
13.1000 0.9294 0.9922 3.3580
13.2000 0.9178 0.9895 3.3670
13.3000 0.9061 0.9867 3.3730
13.4000 0.8945 0.9839 3.3768
13.5000 0.8828 0.9811 3.3790
13.6000 0.8712 0.9782 3.3798
13.7000 0.8596 0.9754 3.3797
13.8000 0.8479 0.9726 3.3788
13.9000 0.8363 0.9698 3.3774
14.0000 0.8246 0.9670 3.3756
14.1000 0.8129 0.9643 3.3735
14.2000 0.8012 0.9616 3.3712
14.3000 0.7895 0.9589 3.3687
14.4000 0.7778 0.9562 3.3662
14.5000 0.7661 0.9536 3.3635
14.6000 0.7544 0.9510 3.3608
14.7000 0.7426 0.9484 3.3580
14.8000 0.7309 0.9459 3.3553
14.9000 0.7191 0.9434 3.3525
15.0000 0.7073 0.9409 3.3498
15.1000 0.6955 0.9385 3.3470
15.2000 0.6837 0.9361 3.3442
15.3000 0.6719 0.9337 3.3415
15.4000 0.6601 0.9314 3.3388
15.5000 0.6483 0.9290 3.3360
15.6000 0.6364 0.9267 3.3333
15.7000 0.6245 0.9245 3.3306
15.8000 0.6127 0.9223 3.3279
15.9000 0.6008 0.9201 3.3252
16.0000 0.5889 0.9179 3.3226
16.1000 0.5770 0.9158 3.3199
16.2000 0.5651 0.9137 3.3172
16.3000 0.5531 0.9116 3.3146
16.4000 0.5412 0.9096 3.3120
16.5000 0.5292 0.9076 3.3093
16.6000 0.5173 0.9056 3.3067
16.7000 0.5053 0.9037 3.3040
16.8000 0.4933 0.9017 3.3014
16.9000 0.4814 0.8999 3.2988
17.0000 0.4694 0.8980 3.2962
17.1000 0.4574 0.8962 3.2935
17.2000 0.4453 0.8944 3.2909
17.3000 0.4333 0.8926 3.2883
17.4000 0.4213 0.8909 3.2856
17.5000 0.4092 0.8892 3.2830
17.6000 0.3972 0.8875 3.2804
17.7000 0.3851 0.8859 3.2777
17.8000 0.3731 0.8843 3.2751
17.9000 0.3610 0.8827 3.2724
18.0000 0.3489 0.8812 3.2698
18.1000 0.3368 0.8797 3.2671
18.2000 0.3247 0.8782 3.2645
18.3000 0.3126 0.8767 3.2618
18.4000 0.3005 0.8753 3.2592
18.5000 0.2883 0.8739 3.2565
18.6000 0.2762 0.8726 3.2538
18.7000 0.2641 0.8713 3.2511
18.8000 0.2519 0.8700 3.2484
18.9000 0.2397 0.8687 3.2457
19.0000 0.2276 0.8675 3.2430
19.1000 0.2154 0.8663 3.2403
19.2000 0.2032 0.8652 3.2376
19.3000 0.1910 0.8640 3.2348
19.4000 0.1788 0.8629 3.2321
19.5000 0.1666 0.8619 3.2293
19.6000 0.1544 0.8609 3.2265
19.7000 0.1422 0.8599 3.2238
19.8000 0.1300 0.8589 3.2210
19.9000 0.1178 0.8580 3.2182
20.0000 0.1055 0.8571 3.2154
20.1000 0.0933 0.8563 3.2125
20.2000 0.0810 0.8554 3.2097
20.3000 0.0688 0.8547 3.2069
20.4000 0.0565 0.8539 3.2040
20.5000 0.0443 0.8532 3.2011
20.6000 0.0320 0.8525 3.1982
20.7000 0.0197 0.8519 3.1953
20.8000 0.0074 0.8513 3.1924
20.9000 -0.0048 0.8507 3.1895
21.0000 -0.0171 0.8502 3.1865
21.1000 -0.0294 0.8497 3.1836
21.2000 -0.0417 0.8492 3.1806
21.3000 -0.0540 0.8488 3.1776
21.4000 -0.0664 0.8484 3.1745
21.5000 -0.0787 0.8480 3.1715
21.6000 -0.0910 0.8477 3.1684
21.7000 -0.1033 0.8475 3.1654
21.8000 -0.1156 0.8472 3.1623
21.9000 -0.1280 0.8470 3.1591
22.0000 -0.1403 0.8469 3.1560
22.1000 -0.1527 0.8467 3.1528
22.2000 -0.1650 0.8467 3.1496
22.3000 -0.1774 0.8466 3.1464
22.4000 -0.1897 0.8466 3.1432
22.5000 -0.2021 0.8467 3.1399
22.6000 -0.2144 0.8467 3.1366
22.7000 -0.2268 0.8469 3.1333
22.8000 -0.2391 0.8470 3.1300
22.9000 -0.2515 0.8472 3.1266
23.0000 -0.2639 0.8475 3.1232
23.1000 -0.2762 0.8478 3.1197
23.2000 -0.2886 0.8481 3.1163
23.3000 -0.3010 0.8485 3.1128
23.4000 -0.3134 0.8489 3.1092
23.5000 -0.3257 0.8494 3.1056
23.6000 -0.3381 0.8499 3.1020
23.7000 -0.3505 0.8505 3.0984
23.8000 -0.3629 0.8511 3.0947
23.9000 -0.3753 0.8517 3.0909
24.0000 -0.3876 0.8524 3.0871
24.1000 -0.4000 0.8532 3.0833
24.2000 -0.4124 0.8539 3.0794
24.3000 -0.4248 0.8548 3.0755
24.4000 -0.4372 0.8557 3.0715
24.5000 -0.4495 0.8566 3.0674
24.6000 -0.4619 0.8576 3.0633
24.7000 -0.4743 0.8587 3.0592
24.8000 -0.4867 0.8598 3.0550
24.9000 -0.4990 0.8609 3.0507
25.0000 -0.5114 0.8621 3.0463
25.1000 -0.5238 0.8634 3.0419
25.2000 -0.5361 0.8647 3.0374
25.3000 -0.5485 0.8661 3.0328
25.4000 -0.5608 0.8675 3.0281
25.5000 -0.5732 0.8690 3.0233
25.6000 -0.5855 0.8706 3.0185
25.7000 -0.5978 0.8722 3.0135
25.8000 -0.6102 0.8739 3.0084
25.9000 -0.6225 0.8756 3.0033
26.0000 -0.6348 0.8774 2.9980
26.1000 -0.6471 0.8793 2.9925
26.2000 -0.6594 0.8813 2.9870
26.3000 -0.6717 0.8833 2.9813
26.4000 -0.6840 0.8854 2.9754
26.5000 -0.6962 0.8876 2.9694
26.6000 -0.7085 0.8898 2.9632
26.7000 -0.7207 0.8921 2.9567
26.8000 -0.7330 0.8945 2.9501
26.9000 -0.7452 0.8970 2.9433
27.0000 -0.7573 0.8996 2.9361
27.1000 -0.7695 0.9023 2.9288
27.2000 -0.7817 0.9051 2.9211
27.3000 -0.7938 0.9079 2.9130
27.4000 -0.8059 0.9109 2.9046
27.5000 -0.8179 0.9140 2.8958
27.6000 -0.8300 0.9172 2.8865
27.7000 -0.8420 0.9205 2.8766
27.8000 -0.8539 0.9239 2.8661
27.9000 -0.8658 0.9275 2.8549
28.0000 -0.8777 0.9312 2.8429
28.1000 -0.8895 0.9351 2.8298
28.2000 -0.9012 0.9391 2.8155
28.3000 -0.9128 0.9433 2.7996
28.4000 -0.9244 0.9477 2.7818
28.5000 -0.9357 0.9524 2.7615
28.6000 -0.9470 0.9573 2.7376
28.7000 -0.9579 0.9625 2.7087
28.8000 -0.9686 0.9680 2.6720
28.9000 -0.9788 0.9740 2.6281
29.0000 -0.9884 0.9803 2.5711
29.1000 -0.9973 0.9871 2.5009
29.2000 -1.0028 0.9926 2.3650
29.3000 -1.0109 1.0010 2.3318
29.4000 -1.0195 1.0103 2.3184
29.5000 -1.0281 1.0196 2.3134
29.6000 -1.0367 1.0291 2.3121
29.7000 -1.0454 1.0385 2.3121
29.8000 -1.0540 1.0479 2.3131
29.9000 -1.0626 1.0573 2.3146
30.0000 -1.0713 1.0667 2.3167
30.1000 -1.0799 1.0760 2.3193
30.2000 -1.0886 1.0853 2.3224
30.3000 -1.0973 1.0946 2.3260
30.4000 -1.1061 1.1038 2.3301
30.5000 -1.1148 1.1129 2.3348
30.6000 -1.1236 1.1220 2.3401
30.7000 -1.1325 1.1310 2.3461
30.8000 -1.1414 1.1400 2.3529
30.9000 -1.1503 1.1488 2.3607
31.0000 -1.1593 1.1575 2.3696
31.1000 -1.1683 1.1662 2.3799
31.2000 -1.1774 1.1746 2.3920
31.3000 -1.1866 1.1829 2.4065
31.4000 -1.1958 1.1909 2.4241
31.5000 -1.2051 1.1987 2.4462
31.6000 -1.2145 1.2060 2.4755
31.7000 -1.2238 1.2127 2.5168
31.8000 -1.2330 1.2182 2.5824
31.9000 -1.2420 1.2224 2.6786
32.0000 -1.2502 1.2245 2.8317
32.1000 -1.2558 1.2240 3.1021
32.2000 -1.2593 1.2223 3.4526
32.3000 -1.2625 1.2195 3.8031
32.4000 -1.2652 1.2156 4.1329
32.5000 -1.2667 1.2118 4.4807
32.6000 -1.2667 1.2104 4.9148
32.7000 -1.2661 1.2092 5.3416
32.8000 -1.2602 1.2030 5.4796
32.9000 -1.2515 1.1943 5.4983
33.0000 -1.2426 1.1857 5.5130
33.1000 -1.2335 1.1771 5.5253
33.2000 -1.2243 1.1686 5.5360
33.3000 -1.2150 1.1602 5.5455
33.4000 -1.2056 1.1518 5.5541
33.5000 -1.1962 1.1435 5.5620
33.6000 -1.1866 1.1352 5.5695
33.7000 -1.1770 1.1270 5.5764
33.8000 -1.1673 1.1188 5.5831
33.9000 -1.1576 1.1107 5.5894
34.0000 -1.1478 1.1027 5.5955
34.1000 -1.1379 1.0947 5.6014
34.2000 -1.1280 1.0868 5.6071
34.3000 -1.1181 1.0789 5.6127
34.4000 -1.1081 1.0711 5.6183
34.5000 -1.0980 1.0633 5.6238
34.6000 -1.0879 1.0556 5.6293
34.7000 -1.0778 1.0479 5.6349
34.8000 -1.0677 1.0403 5.6407
34.9000 -1.0575 1.0328 5.6467
35.0000 -1.0472 1.0254 5.6532
35.1000 -1.0369 1.0180 5.6605
35.2000 -1.0266 1.0108 5.6696
35.3000 -1.0163 1.0038 5.6830
35.4000 -1.0063 0.9975 5.7153
35.5000 -1.0006 0.9961 5.9601
35.6000 -0.9885 0.9922 5.9652
35.7000 -0.9763 0.9882 5.9675
35.8000 -0.9641 0.9842 5.9684
35.9000 -0.9519 0.9803 5.9690
36.0000 -0.9396 0.9763 5.9695
36.1000 -0.9274 0.9723 5.9699
36.2000 -0.9152 0.9684 5.9703
36.3000 -0.9029 0.9644 5.9706
36.4000 -0.8907 0.9605 5.9710
36.5000 -0.8785 0.9565 5.9713
36.6000 -0.8662 0.9526 5.9716
36.7000 -0.8540 0.9487 5.9719
36.8000 -0.8417 0.9447 5.9722
36.9000 -0.8295 0.9408 5.9725
37.0000 -0.8173 0.9369 5.9728
37.1000 -0.8050 0.9330 5.9732
37.2000 -0.7928 0.9290 5.9735
37.3000 -0.7805 0.9251 5.9738
37.4000 -0.7683 0.9212 5.9742
37.5000 -0.7560 0.9173 5.9745
37.6000 -0.7438 0.9134 5.9749
37.7000 -0.7315 0.9095 5.9753
37.8000 -0.7193 0.9056 5.9756
37.9000 -0.7070 0.9017 5.9760
38.0000 -0.6948 0.8979 5.9765
38.1000 -0.6825 0.8940 5.9769
38.2000 -0.6703 0.8901 5.9773
38.3000 -0.6580 0.8863 5.9778
38.4000 -0.6457 0.8824 5.9783
38.5000 -0.6335 0.8786 5.9788
38.6000 -0.6212 0.8747 5.9793
38.7000 -0.6090 0.8709 5.9798
38.8000 -0.5967 0.8671 5.9804
38.9000 -0.5844 0.8632 5.9809
39.0000 -0.5722 0.8594 5.9815
39.1000 -0.5599 0.8556 5.9822
39.2000 -0.5476 0.8518 5.9828
39.3000 -0.5353 0.8480 5.9835
39.4000 -0.5231 0.8442 5.9842
39.5000 -0.5108 0.8405 5.9849
39.6000 -0.4985 0.8367 5.9857
39.7000 -0.4862 0.8330 5.9865
39.8000 -0.4739 0.8292 5.9873
39.9000 -0.4617 0.8255 5.9882
40.0000 -0.4494 0.8218 5.9891
40.1000 -0.4371 0.8181 5.9901
40.2000 -0.4248 0.8144 5.9911
40.3000 -0.4125 0.8107 5.9921
40.4000 -0.4002 0.8070 5.9932
40.5000 -0.3879 0.8034 5.9943
40.6000 -0.3756 0.7998 5.9954
40.7000 -0.3633 0.7961 5.9967
40.8000 -0.3510 0.7925 5.9979
40.9000 -0.3386 0.7890 5.9992
41.0000 -0.3263 0.7854 6.0006
41.1000 -0.3140 0.7818 6.0021
41.2000 -0.3017 0.7783 6.0036
41.3000 -0.2893 0.7748 6.0052
41.4000 -0.2770 0.7713 6.0068
41.5000 -0.2647 0.7678 6.0085
41.6000 -0.2523 0.7644 6.0103
41.7000 -0.2400 0.7610 6.0122
41.8000 -0.2276 0.7576 6.0141
41.9000 -0.2153 0.7542 6.0162
42.0000 -0.2029 0.7509 6.0183
42.1000 -0.1906 0.7476 6.0205
42.2000 -0.1782 0.7443 6.0229
42.3000 -0.1658 0.7410 6.0253
42.4000 -0.1534 0.7378 6.0278
42.5000 -0.1410 0.7346 6.0305
42.6000 -0.1287 0.7315 6.0332
42.7000 -0.1163 0.7284 6.0361
42.8000 -0.1039 0.7253 6.0391
42.9000 -0.0914 0.7223 6.0423
43.0000 -0.0790 0.7193 6.0455
43.1000 -0.0666 0.7163 6.0490
43.2000 -0.0542 0.7134 6.0525
43.3000 -0.0417 0.7106 6.0562
43.4000 -0.0293 0.7078 6.0601
43.5000 -0.0168 0.7050 6.0642
43.6000 -0.0044 0.7023 6.0684
43.7000 0.0081 0.6997 6.0727
43.8000 0.0206 0.6971 6.0773
43.9000 0.0330 0.6946 6.0820
44.0000 0.0455 0.6922 6.0870
44.1000 0.0580 0.6898 6.0921
44.2000 0.0705 0.6875 6.0974
44.3000 0.0830 0.6852 6.1029
44.4000 0.0956 0.6830 6.1087
44.5000 0.1081 0.6809 6.1146
44.6000 0.1206 0.6789 6.1207
44.7000 0.1332 0.6770 6.1271
44.8000 0.1457 0.6751 6.1337
44.9000 0.1583 0.6734 6.1405
45.0000 0.1708 0.6717 6.1475
45.1000 0.1834 0.6701 6.1548
45.2000 0.1960 0.6686 6.1623
45.3000 0.2086 0.6673 6.1700
45.4000 0.2211 0.6660 6.1779
45.5000 0.2337 0.6648 6.1860
45.6000 0.2463 0.6637 6.1944
45.7000 0.2589 0.6628 6.2030
45.8000 0.2715 0.6619 6.2119
45.9000 0.2842 0.6612 6.2209
46.0000 0.2968 0.6606 6.2302
46.1000 0.3094 0.6601 6.2396
46.2000 0.3220 0.6597 6.2493
46.3000 0.3346 0.6595 6.2592
46.4000 0.3472 0.6594 6.2693
46.5000 0.3598 0.6594 6.2796
46.6000 0.3724 0.6596 0.0069
46.7000 0.3850 0.6598 0.0176
46.8000 0.3976 0.6603 0.0284
46.9000 0.4101 0.6608 0.0395
47.0000 0.4227 0.6615 0.0507
47.1000 0.4353 0.6624 0.0621
47.2000 0.4478 0.6634 0.0737
47.3000 0.4603 0.6645 0.0854
47.4000 0.4728 0.6658 0.0974
47.5000 0.4853 0.6673 0.1094
47.6000 0.4978 0.6689 0.1217
47.7000 0.5102 0.6706 0.1341
47.8000 0.5227 0.6725 0.1466
47.9000 0.5351 0.6746 0.1593
48.0000 0.5474 0.6768 0.1722
48.1000 0.5598 0.6792 0.1852
48.2000 0.5721 0.6818 0.1984
48.3000 0.5843 0.6845 0.2117
48.4000 0.5966 0.6874 0.2252
48.5000 0.6087 0.6904 0.2389
48.6000 0.6209 0.6936 0.2527
48.7000 0.6330 0.6970 0.2667
48.8000 0.6450 0.7006 0.2809
48.9000 0.6570 0.7043 0.2953
49.0000 0.6689 0.7082 0.3098
49.1000 0.6808 0.7123 0.3246
49.2000 0.6926 0.7165 0.3395
49.3000 0.7043 0.7209 0.3547
49.4000 0.7160 0.7255 0.3701
49.5000 0.7276 0.7303 0.3853
49.6000 0.7391 0.7352 0.3997
49.7000 0.7506 0.7404 0.4137
49.8000 0.7620 0.7456 0.4274
49.9000 0.7734 0.7510 0.4408
50.0000 0.7847 0.7566 0.4542
0.0000 0.0000 0.0000 0.0000
0.1000 0.0066 0.0022 0.2225
0.2000 0.0166 0.0059 0.3148
0.3000 0.0275 0.0102 0.3607
0.4000 0.0386 0.0149 0.3925
0.5000 0.0498 0.0200 0.4176
0.6000 0.0609 0.0253 0.4386
0.7000 0.0720 0.0309 0.4569
0.8000 0.0831 0.0366 0.4733
0.9000 0.0942 0.0425 0.4881
1.0000 0.1051 0.0486 0.5019
1.1000 0.1160 0.0548 0.5146
1.2000 0.1269 0.0612 0.5266
1.3000 0.1377 0.0677 0.5379
1.4000 0.1485 0.0743 0.5483
1.5000 0.1592 0.0810 0.5580
1.6000 0.1698 0.0878 0.5671
1.7000 0.1804 0.0947 0.5757
1.8000 0.1909 0.1017 0.5838
1.9000 0.2014 0.1088 0.5914
2.0000 0.2119 0.1159 0.5987
2.1000 0.2223 0.1231 0.6056
2.2000 0.2327 0.1304 0.6122
2.3000 0.2430 0.1378 0.6185
2.4000 0.2533 0.1452 0.6245
2.5000 0.2635 0.1527 0.6303
2.6000 0.2737 0.1602 0.6359
2.7000 0.2839 0.1678 0.6413
2.8000 0.2940 0.1755 0.6465
2.9000 0.3041 0.1832 0.6516
3.0000 0.3141 0.1910 0.6565
3.1000 0.3241 0.1988 0.6612
3.2000 0.3341 0.2066 0.6658
3.3000 0.3441 0.2145 0.6703
3.4000 0.3540 0.2224 0.6747
3.5000 0.3639 0.2304 0.6789
3.6000 0.3737 0.2384 0.6830
3.7000 0.3835 0.2465 0.6871
3.8000 0.3933 0.2546 0.6911
3.9000 0.4031 0.2627 0.6949
4.0000 0.4128 0.2709 0.6988
4.1000 0.4225 0.2791 0.7025
4.2000 0.4321 0.2873 0.7062
4.3000 0.4418 0.2956 0.7098
4.4000 0.4514 0.3039 0.7133
4.5000 0.4609 0.3123 0.7168
4.6000 0.4705 0.3207 0.7203
4.7000 0.4800 0.3291 0.7237
4.8000 0.4895 0.3375 0.7270
4.9000 0.4989 0.3460 0.7304
5.0000 0.5084 0.3545 0.7337
5.1000 0.5178 0.3630 0.7369
5.2000 0.5272 0.3716 0.7402
5.3000 0.5365 0.3802 0.7434
5.4000 0.5458 0.3888 0.7466
5.5000 0.5551 0.3975 0.7498
5.6000 0.5644 0.4062 0.7530
5.7000 0.5736 0.4149 0.7561
5.8000 0.5829 0.4236 0.7593
5.9000 0.5920 0.4324 0.7624
6.0000 0.6012 0.4412 0.7656
6.1000 0.6103 0.4501 0.7687
6.2000 0.6194 0.4589 0.7719
6.3000 0.6285 0.4678 0.7751
6.4000 0.6376 0.4767 0.7783
6.5000 0.6466 0.4857 0.7815
6.6000 0.6556 0.4947 0.7847
6.7000 0.6645 0.5037 0.7879
6.8000 0.6735 0.5127 0.7912
6.9000 0.6824 0.5218 0.7945
7.0000 0.6912 0.5308 0.7979
7.1000 0.7001 0.5400 0.8012
7.2000 0.7089 0.5491 0.8047
7.3000 0.7176 0.5583 0.8081
7.4000 0.7264 0.5675 0.8117
7.5000 0.7351 0.5768 0.8152
7.6000 0.7438 0.5860 0.8189
7.7000 0.7524 0.5953 0.8226
7.8000 0.7610 0.6047 0.8263
7.9000 0.7696 0.6141 0.8302
8.0000 0.7781 0.6235 0.8341
8.1000 0.7866 0.6329 0.8382
8.2000 0.7951 0.6424 0.8423
8.3000 0.8035 0.6519 0.8466
8.4000 0.8119 0.6614 0.8509
8.5000 0.8202 0.6710 0.8554
8.6000 0.8285 0.6806 0.8601
8.7000 0.8367 0.6903 0.8649
8.8000 0.8449 0.7000 0.8699
8.9000 0.8530 0.7097 0.8750
9.0000 0.8611 0.7195 0.8804
9.1000 0.8692 0.7293 0.8861
9.2000 0.8771 0.7392 0.8919
9.3000 0.8850 0.7491 0.8981
9.4000 0.8929 0.7591 0.9046
9.5000 0.9006 0.7691 0.9115
9.6000 0.9083 0.7791 0.9187
9.7000 0.9160 0.7892 0.9265
9.8000 0.9235 0.7994 0.9348
9.9000 0.9309 0.8096 0.9437
10.0000 0.9383 0.8199 0.9533
10.1000 0.9455 0.8303 0.9637
10.2000 0.9526 0.8407 0.9752
10.3000 0.9595 0.8512 0.9875
10.4000 0.9663 0.8617 1.0009
10.5000 0.9730 0.8723 1.0157
10.6000 0.9794 0.8830 1.0326
10.7000 0.9856 0.8938 1.0522
10.8000 0.9915 0.9046 1.0757
10.9000 0.9971 0.9154 1.1050
11.0000 1.0022 0.9263 1.1424
11.1000 1.0067 0.9370 1.1912
11.2000 1.0105 0.9477 1.2549
11.3000 1.0133 0.9581 1.3368
11.4000 1.0151 0.9681 1.4402
11.5000 1.0158 0.9774 1.5690
11.6000 1.0151 0.9858 1.7277
11.7000 1.0132 0.9927 1.9192
11.8000 1.0103 0.9980 2.1432
11.9000 1.0065 1.0015 2.3959
12.0000 1.0015 1.0039 2.6413
12.1000 0.9905 1.0098 2.6525
12.2000 0.9793 1.0156 2.6602
12.3000 0.9680 1.0213 2.6667
12.4000 0.9567 1.0270 2.6730
12.5000 0.9454 1.0327 2.6792
12.6000 0.9340 1.0382 2.6853
12.7000 0.9226 1.0437 2.6914
12.8000 0.9111 1.0491 2.6974
12.9000 0.8996 1.0545 2.7035
13.0000 0.8881 1.0598 2.7095
13.1000 0.8766 1.0650 2.7156
13.2000 0.8650 1.0701 2.7216
13.3000 0.8534 1.0752 2.7277
13.4000 0.8418 1.0802 2.7337
13.5000 0.8301 1.0851 2.7398
13.6000 0.8184 1.0900 2.7459
13.7000 0.8067 1.0948 2.7519
13.8000 0.7949 1.0995 2.7580
13.9000 0.7831 1.1041 2.7641
14.0000 0.7713 1.1087 2.7702
14.1000 0.7594 1.1132 2.7763
14.2000 0.7476 1.1176 2.7825
14.3000 0.7357 1.1220 2.7886
14.4000 0.7238 1.1263 2.7947
14.5000 0.7118 1.1305 2.8009
14.6000 0.6998 1.1346 2.8071
14.7000 0.6878 1.1386 2.8133
14.8000 0.6758 1.1426 2.8195
14.9000 0.6637 1.1465 2.8257
15.0000 0.6517 1.1504 2.8319
15.1000 0.6396 1.1541 2.8381
15.2000 0.6274 1.1578 2.8444
15.3000 0.6153 1.1614 2.8507
15.4000 0.6031 1.1649 2.8570
15.5000 0.5909 1.1684 2.8633
15.6000 0.5787 1.1717 2.8696
15.7000 0.5665 1.1750 2.8759
15.8000 0.5542 1.1783 2.8823
15.9000 0.5420 1.1814 2.8886
16.0000 0.5297 1.1844 2.8950
16.1000 0.5174 1.1874 2.9014
16.2000 0.5050 1.1903 2.9078
16.3000 0.4927 1.1931 2.9143
16.4000 0.4803 1.1959 2.9208
16.5000 0.4679 1.1985 2.9272
16.6000 0.4555 1.2011 2.9338
16.7000 0.4431 1.2036 2.9403
16.8000 0.4307 1.2060 2.9468
16.9000 0.4182 1.2084 2.9534
17.0000 0.4058 1.2106 2.9600
17.1000 0.3933 1.2128 2.9666
17.2000 0.3808 1.2149 2.9733
17.3000 0.3683 1.2168 2.9800
17.4000 0.3558 1.2188 2.9867
17.5000 0.3432 1.2206 2.9934
17.6000 0.3307 1.2223 3.0001
17.7000 0.3181 1.2240 3.0069
17.8000 0.3056 1.2256 3.0137
17.9000 0.2930 1.2271 3.0206
18.0000 0.2804 1.2285 3.0274
18.1000 0.2678 1.2298 3.0343
18.2000 0.2552 1.2310 3.0412
18.3000 0.2426 1.2321 3.0482
18.4000 0.2300 1.2332 3.0552
18.5000 0.2174 1.2341 3.0622
18.6000 0.2047 1.2350 3.0692
18.7000 0.1921 1.2358 3.0763
18.8000 0.1794 1.2365 3.0834
18.9000 0.1668 1.2371 3.0906
19.0000 0.1542 1.2376 3.0978
19.1000 0.1415 1.2380 3.1050
19.2000 0.1288 1.2383 3.1123
19.3000 0.1162 1.2386 3.1196
19.4000 0.1035 1.2387 3.1269
19.5000 0.0909 1.2388 3.1343
19.6000 0.0782 1.2387 3.1417
19.7000 0.0656 1.2386 3.1492
19.8000 0.0529 1.2383 3.1567
19.9000 0.0403 1.2380 3.1642
20.0000 0.0276 1.2376 3.1718
20.1000 0.0150 1.2370 3.1794
20.2000 0.0023 1.2364 3.1871
20.3000 -0.0103 1.2357 3.1948
20.4000 -0.0229 1.2349 3.2026
20.5000 -0.0355 1.2340 3.2105
20.6000 -0.0482 1.2329 3.2183
20.7000 -0.0608 1.2318 3.2263
20.8000 -0.0733 1.2306 3.2343
20.9000 -0.0859 1.2293 3.2423
21.0000 -0.0985 1.2279 3.2504
21.1000 -0.1110 1.2263 3.2586
21.2000 -0.1236 1.2247 3.2668
21.3000 -0.1361 1.2230 3.2751
21.4000 -0.1486 1.2211 3.2834
21.5000 -0.1611 1.2192 3.2918
21.6000 -0.1736 1.2171 3.3003
21.7000 -0.1860 1.2150 3.3089
21.8000 -0.1985 1.2127 3.3175
21.9000 -0.2109 1.2103 3.3262
22.0000 -0.2233 1.2079 3.3350
22.1000 -0.2356 1.2053 3.3438
22.2000 -0.2480 1.2026 3.3527
22.3000 -0.2603 1.1998 3.3617
22.4000 -0.2726 1.1969 3.3708
22.5000 -0.2849 1.1938 3.3800
22.6000 -0.2971 1.1907 3.3893
22.7000 -0.3093 1.1874 3.3987
22.8000 -0.3215 1.1840 3.4082
22.9000 -0.3336 1.1805 3.4177
23.0000 -0.3457 1.1769 3.4274
23.1000 -0.3577 1.1732 3.4372
23.2000 -0.3698 1.1694 3.4471
23.3000 -0.3817 1.1654 3.4571
23.4000 -0.3937 1.1613 3.4672
23.5000 -0.4056 1.1571 3.4775
23.6000 -0.4174 1.1528 3.4878
23.7000 -0.4292 1.1483 3.4984
23.8000 -0.4410 1.1438 3.5090
23.9000 -0.4526 1.1391 3.5198
24.0000 -0.4643 1.1342 3.5308
24.1000 -0.4759 1.1293 3.5419
24.2000 -0.4874 1.1242 3.5531
24.3000 -0.4989 1.1190 3.5646
24.4000 -0.5102 1.1137 3.5762
24.5000 -0.5216 1.1082 3.5880
24.6000 -0.5328 1.1026 3.6000
24.7000 -0.5440 1.0968 3.6121
24.8000 -0.5552 1.0909 3.6243
24.9000 -0.5662 1.0849 3.6364
25.0000 -0.5772 1.0788 3.6485
25.1000 -0.5881 1.0725 3.6607
25.2000 -0.5989 1.0661 3.6728
25.3000 -0.6097 1.0596 3.6849
25.4000 -0.6204 1.0529 3.6971
25.5000 -0.6310 1.0461 3.7092
25.6000 -0.6415 1.0392 3.7213
25.7000 -0.6519 1.0321 3.7334
25.8000 -0.6623 1.0250 3.7455
25.9000 -0.6725 1.0177 3.7576
26.0000 -0.6827 1.0102 3.7697
26.1000 -0.6928 1.0027 3.7818
26.2000 -0.7028 0.9950 3.7939
26.3000 -0.7127 0.9872 3.8060
26.4000 -0.7225 0.9793 3.8181
26.5000 -0.7323 0.9713 3.8302
26.6000 -0.7419 0.9632 3.8423
26.7000 -0.7514 0.9549 3.8543
26.8000 -0.7608 0.9466 3.8664
26.9000 -0.7702 0.9381 3.8785
27.0000 -0.7794 0.9295 3.8905
27.1000 -0.7885 0.9208 3.9026
27.2000 -0.7975 0.9120 3.9146
27.3000 -0.8065 0.9031 3.9267
27.4000 -0.8153 0.8941 3.9387
27.5000 -0.8240 0.8849 3.9508
27.6000 -0.8326 0.8757 3.9628
27.7000 -0.8411 0.8664 3.9748
27.8000 -0.8494 0.8570 3.9868
27.9000 -0.8577 0.8474 3.9989
28.0000 -0.8658 0.8378 4.0109
28.1000 -0.8739 0.8281 4.0229
28.2000 -0.8818 0.8183 4.0349
28.3000 -0.8896 0.8084 4.0469
28.4000 -0.8973 0.7984 4.0589
28.5000 -0.9048 0.7883 4.0709
28.6000 -0.9123 0.7781 4.0828
28.7000 -0.9196 0.7678 4.0948
28.8000 -0.9268 0.7575 4.1068
28.9000 -0.9339 0.7470 4.1188
29.0000 -0.9408 0.7365 4.1307
29.1000 -0.9477 0.7259 4.1427
29.2000 -0.9544 0.7152 4.1547
29.3000 -0.9609 0.7045 4.1666
29.4000 -0.9674 0.6936 4.1786
29.5000 -0.9737 0.6827 4.1905
29.6000 -0.9799 0.6717 4.2025
29.7000 -0.9859 0.6607 4.2144
29.8000 -0.9919 0.6496 4.2263
29.9000 -0.9977 0.6384 4.2383
30.0000 -1.0033 0.6271 4.2502
30.1000 -1.0088 0.6158 4.2621
30.2000 -1.0142 0.6044 4.2741
30.3000 -1.0195 0.5929 4.2860
30.4000 -1.0246 0.5814 4.2979
30.5000 -1.0296 0.5699 4.3098
30.6000 -1.0344 0.5582 4.3217
30.7000 -1.0391 0.5465 4.3336
30.8000 -1.0437 0.5348 4.3455
30.9000 -1.0481 0.5230 4.3574
31.0000 -1.0524 0.5112 4.3693
31.1000 -1.0566 0.4993 4.3812
31.2000 -1.0606 0.4874 4.3931
31.3000 -1.0645 0.4754 4.4050
31.4000 -1.0682 0.4633 4.4169
31.5000 -1.0718 0.4513 4.4287
31.6000 -1.0752 0.4392 4.4406
31.7000 -1.0785 0.4270 4.4525
31.8000 -1.0817 0.4148 4.4643
31.9000 -1.0847 0.4026 4.4762
32.0000 -1.0875 0.3904 4.4881
32.1000 -1.0902 0.3781 4.4999
32.2000 -1.0928 0.3658 4.5118
32.3000 -1.0953 0.3534 4.5237
32.4000 -1.0975 0.3411 4.5355
32.5000 -1.0997 0.3287 4.5474
32.6000 -1.1017 0.3163 4.5592
32.7000 -1.1035 0.3038 4.5710
32.8000 -1.1052 0.2914 4.5829
32.9000 -1.1067 0.2789 4.5947
33.0000 -1.1081 0.2664 4.6066
33.1000 -1.1094 0.2539 4.6184
33.2000 -1.1105 0.2414 4.6302
33.3000 -1.1114 0.2289 4.6421
33.4000 -1.1123 0.2164 4.6539
33.5000 -1.1129 0.2038 4.6657
33.6000 -1.1134 0.1913 4.6775
33.7000 -1.1138 0.1787 4.6893
33.8000 -1.1140 0.1662 4.7012
33.9000 -1.1141 0.1536 4.7130
34.0000 -1.1140 0.1411 4.7248
34.1000 -1.1138 0.1285 4.7366
34.2000 -1.1134 0.1160 4.7484
34.3000 -1.1129 0.1035 4.7602
34.4000 -1.1122 0.0909 4.7720
34.5000 -1.1114 0.0784 4.7838
34.6000 -1.1104 0.0659 4.7956
34.7000 -1.1093 0.0534 4.8074
34.8000 -1.1080 0.0409 4.8192
34.9000 -1.1066 0.0285 4.8309
35.0000 -1.1050 0.0161 4.8427
35.1000 -1.1033 0.0036 4.8545
35.2000 -1.1015 -0.0088 4.8663
35.3000 -1.0995 -0.0211 4.8780
35.4000 -1.0973 -0.0335 4.8898
35.5000 -1.0951 -0.0458 4.9016
35.6000 -1.0926 -0.0581 4.9133
35.7000 -1.0901 -0.0703 4.9251
35.8000 -1.0873 -0.0825 4.9369
35.9000 -1.0845 -0.0947 4.9486
36.0000 -1.0815 -0.1069 4.9604
36.1000 -1.0783 -0.1190 4.9721
36.2000 -1.0750 -0.1311 4.9839
36.3000 -1.0716 -0.1431 4.9956
36.4000 -1.0680 -0.1551 5.0073
36.5000 -1.0643 -0.1670 5.0191
36.6000 -1.0604 -0.1789 5.0308
36.7000 -1.0564 -0.1908 5.0425
36.8000 -1.0523 -0.2026 5.0542
36.9000 -1.0480 -0.2143 5.0660
37.0000 -1.0436 -0.2260 5.0777
37.1000 -1.0390 -0.2377 5.0894
37.2000 -1.0343 -0.2493 5.1011
37.3000 -1.0295 -0.2608 5.1128
37.4000 -1.0245 -0.2723 5.1245
37.5000 -1.0195 -0.2837 5.1362
37.6000 -1.0142 -0.2951 5.1479
37.7000 -1.0089 -0.3064 5.1596
37.8000 -1.0034 -0.3176 5.1712
37.9000 -0.9977 -0.3287 5.1829
38.0000 -0.9920 -0.3398 5.1946
38.1000 -0.9861 -0.3508 5.2063
38.2000 -0.9801 -0.3618 5.2179
38.3000 -0.9739 -0.3727 5.2296
38.4000 -0.9677 -0.3835 5.2412
38.5000 -0.9613 -0.3942 5.2529
38.6000 -0.9547 -0.4049 5.2645
38.7000 -0.9481 -0.4154 5.2761
38.8000 -0.9413 -0.4259 5.2878
38.9000 -0.9344 -0.4363 5.2994
39.0000 -0.9274 -0.4467 5.3110
39.1000 -0.9203 -0.4569 5.3226
39.2000 -0.9130 -0.4671 5.3342
39.3000 -0.9056 -0.4772 5.3458
39.4000 -0.8981 -0.4872 5.3574
39.5000 -0.8905 -0.4971 5.3690
39.6000 -0.8828 -0.5069 5.3806
39.7000 -0.8750 -0.5166 5.3921
39.8000 -0.8670 -0.5262 5.4037
39.9000 -0.8590 -0.5358 5.4156
40.0000 -0.8508 -0.5452 5.4278
40.1000 -0.8425 -0.5545 5.4404
40.2000 -0.8341 -0.5637 5.4535
40.3000 -0.8256 -0.5727 5.4670
40.4000 -0.8170 -0.5816 5.4812
40.5000 -0.8083 -0.5904 5.4959
40.6000 -0.7994 -0.5990 5.5114
40.7000 -0.7904 -0.6075 5.5278
40.8000 -0.7813 -0.6157 5.5452
40.9000 -0.7721 -0.6238 5.5637
41.0000 -0.7628 -0.6316 5.5838
41.1000 -0.7533 -0.6392 5.6056
41.2000 -0.7437 -0.6465 5.6297
41.3000 -0.7339 -0.6535 5.6568
41.4000 -0.7241 -0.6601 5.6879
41.5000 -0.7141 -0.6662 5.7245
41.6000 -0.7041 -0.6717 5.7692
41.7000 -0.6941 -0.6764 5.8266
41.8000 -0.6843 -0.6800 5.9048
41.9000 -0.6750 -0.6821 6.0188
42.0000 -0.6669 -0.6822 6.1897
42.1000 -0.6606 -0.6805 0.1416
42.2000 -0.6515 -0.6775 0.2697
42.3000 -0.6407 -0.6735 0.3279
42.4000 -0.6297 -0.6691 0.3661
42.5000 -0.6185 -0.6643 0.3952
42.6000 -0.6073 -0.6592 0.4191
42.7000 -0.5961 -0.6539 0.4396
42.8000 -0.5850 -0.6483 0.4577
42.9000 -0.5739 -0.6426 0.4740
43.0000 -0.5629 -0.6366 0.4889
43.1000 -0.5519 -0.6305 0.5027
43.2000 -0.5410 -0.6243 0.5155
43.3000 -0.5302 -0.6179 0.5276
43.4000 -0.5194 -0.6115 0.5387
43.5000 -0.5086 -0.6048 0.5490
43.6000 -0.4979 -0.5981 0.5585
43.7000 -0.4873 -0.5913 0.5675
43.8000 -0.4767 -0.5844 0.5758
43.9000 -0.4661 -0.5774 0.5837
44.0000 -0.4556 -0.5704 0.5911
44.1000 -0.4452 -0.5632 0.5981
44.2000 -0.4348 -0.5560 0.6047
44.3000 -0.4244 -0.5487 0.6111
44.4000 -0.4141 -0.5414 0.6171
44.5000 -0.4038 -0.5340 0.6228
44.6000 -0.3935 -0.5265 0.6282
44.7000 -0.3833 -0.5190 0.6335
44.8000 -0.3731 -0.5114 0.6385
44.9000 -0.3630 -0.5038 0.6433
45.0000 -0.3529 -0.4961 0.6479
45.1000 -0.3428 -0.4884 0.6523
45.2000 -0.3327 -0.4807 0.6565
45.3000 -0.3227 -0.4729 0.6606
45.4000 -0.3127 -0.4650 0.6646
45.5000 -0.3028 -0.4572 0.6684
45.6000 -0.2928 -0.4493 0.6720
45.7000 -0.2829 -0.4413 0.6756
45.8000 -0.2730 -0.4333 0.6790
45.9000 -0.2632 -0.4253 0.6823
46.0000 -0.2534 -0.4173 0.6855
46.1000 -0.2436 -0.4092 0.6886
46.2000 -0.2338 -0.4011 0.6916
46.3000 -0.2240 -0.3930 0.6945
46.4000 -0.2143 -0.3848 0.6973
46.5000 -0.2046 -0.3766 0.7000
46.6000 -0.1949 -0.3684 0.7027
46.7000 -0.1852 -0.3602 0.7053
46.8000 -0.1756 -0.3519 0.7078
46.9000 -0.1659 -0.3437 0.7102
47.0000 -0.1563 -0.3354 0.7126
47.1000 -0.1467 -0.3270 0.7149
47.2000 -0.1372 -0.3187 0.7171
47.3000 -0.1276 -0.3103 0.7193
47.4000 -0.1181 -0.3019 0.7215
47.5000 -0.1086 -0.2935 0.7235
47.6000 -0.0991 -0.2851 0.7256
47.7000 -0.0896 -0.2766 0.7275
47.8000 -0.0801 -0.2682 0.7295
47.9000 -0.0707 -0.2597 0.7314
48.0000 -0.0612 -0.2512 0.7332
48.1000 -0.0518 -0.2427 0.7350
48.2000 -0.0424 -0.2341 0.7368
48.3000 -0.0330 -0.2256 0.7385
48.4000 -0.0236 -0.2170 0.7402
48.5000 -0.0143 -0.2084 0.7419
48.6000 -0.0049 -0.1999 0.7435
48.7000 0.0044 -0.1912 0.7451
48.8000 0.0137 -0.1826 0.7467
48.9000 0.0230 -0.1740 0.7482
49.0000 0.0323 -0.1653 0.7497
49.1000 0.0416 -0.1567 0.7512
49.2000 0.0509 -0.1480 0.7527
49.3000 0.0601 -0.1393 0.7541
49.4000 0.0694 -0.1306 0.7555
49.5000 0.0786 -0.1219 0.7569
49.6000 0.0878 -0.1131 0.7583
49.7000 0.0970 -0.1044 0.7597
49.8000 0.1062 -0.0956 0.7610
49.9000 0.1154 -0.0868 0.7623
50.0000 0.1246 -0.0781 0.7636
50.1000 0.1337 -0.0693 0.7649
50.2000 0.1429 -0.0605 0.7662
50.3000 0.1520 -0.0516 0.7675
50.4000 0.1611 -0.0428 0.7687
50.5000 0.1703 -0.0340 0.7700
50.6000 0.1794 -0.0251 0.7712
50.7000 0.1885 -0.0163 0.7724
50.8000 0.1975 -0.0074 0.7736
50.9000 0.2066 0.0015 0.7748
51.0000 0.2157 0.0104 0.7760
51.1000 0.2247 0.0193 0.7772
51.2000 0.2338 0.0282 0.7784
51.3000 0.2428 0.0371 0.7796
51.4000 0.2518 0.0461 0.7807
51.5000 0.2608 0.0550 0.7819
51.6000 0.2698 0.0640 0.7830
51.7000 0.2788 0.0729 0.7842
51.8000 0.2878 0.0819 0.7854
51.9000 0.2968 0.0909 0.7865
52.0000 0.3057 0.0999 0.7877
52.1000 0.3147 0.1089 0.7888
52.2000 0.3236 0.1179 0.7900
52.3000 0.3325 0.1270 0.7912
52.4000 0.3414 0.1360 0.7923
52.5000 0.3503 0.1450 0.7935
52.6000 0.3592 0.1541 0.7947
52.7000 0.3681 0.1632 0.7958
52.8000 0.3770 0.1723 0.7970
52.9000 0.3859 0.1813 0.7982
53.0000 0.3947 0.1904 0.7994
53.1000 0.4035 0.1996 0.8006
53.2000 0.4124 0.2087 0.8018
53.3000 0.4212 0.2178 0.8030
53.4000 0.4300 0.2270 0.8043
53.5000 0.4388 0.2361 0.8055
53.6000 0.4476 0.2453 0.8067
53.7000 0.4564 0.2545 0.8080
53.8000 0.4651 0.2637 0.8093
53.9000 0.4739 0.2729 0.8106
54.0000 0.4826 0.2821 0.8119
54.1000 0.4913 0.2913 0.8132
54.2000 0.5000 0.3005 0.8145
54.3000 0.5087 0.3098 0.8159
54.4000 0.5174 0.3190 0.8172
54.5000 0.5261 0.3283 0.8186
54.6000 0.5348 0.3376 0.8201
54.7000 0.5434 0.3469 0.8215
54.8000 0.5521 0.3562 0.8229
54.9000 0.5607 0.3655 0.8244
55.0000 0.5693 0.3748 0.8259
55.1000 0.5779 0.3842 0.8274
55.2000 0.5865 0.3936 0.8290
55.3000 0.5950 0.4029 0.8306
55.4000 0.6036 0.4123 0.8322
55.5000 0.6121 0.4217 0.8339
55.6000 0.6206 0.4311 0.8355
55.7000 0.6291 0.4406 0.8372
55.8000 0.6376 0.4500 0.8390
55.9000 0.6461 0.4595 0.8408
56.0000 0.6545 0.4690 0.8426
56.1000 0.6630 0.4784 0.8445
56.2000 0.6714 0.4880 0.8464
56.3000 0.6798 0.4975 0.8484
56.4000 0.6882 0.5070 0.8504
56.5000 0.6965 0.5166 0.8524
56.6000 0.7049 0.5262 0.8546
56.7000 0.7132 0.5358 0.8567
56.8000 0.7215 0.5454 0.8590
56.9000 0.7297 0.5550 0.8613
57.0000 0.7380 0.5646 0.8636
57.1000 0.7462 0.5743 0.8661
57.2000 0.7544 0.5840 0.8686
57.3000 0.7626 0.5937 0.8711
57.4000 0.7708 0.6035 0.8738
57.5000 0.7789 0.6132 0.8765
57.6000 0.7870 0.6230 0.8794
57.7000 0.7950 0.6328 0.8823
57.8000 0.8031 0.6426 0.8853
57.9000 0.8111 0.6525 0.8884
58.0000 0.8191 0.6624 0.8917
58.1000 0.8270 0.6723 0.8951
58.2000 0.8349 0.6822 0.8986
58.3000 0.8428 0.6921 0.9023
58.4000 0.8506 0.7021 0.9061
58.5000 0.8584 0.7122 0.9101
58.6000 0.8662 0.7222 0.9144
58.7000 0.8739 0.7323 0.9188
58.8000 0.8816 0.7424 0.9235
58.9000 0.8892 0.7526 0.9285
59.0000 0.8967 0.7627 0.9338
59.1000 0.9042 0.7730 0.9394
59.2000 0.9116 0.7833 0.9454
59.3000 0.9190 0.7936 0.9519
59.4000 0.9263 0.8039 0.9589
59.5000 0.9335 0.8143 0.9664
59.6000 0.9406 0.8248 0.9747
59.7000 0.9476 0.8353 0.9838
59.8000 0.9545 0.8459 0.9938
59.9000 0.9613 0.8565 1.0051
60.0000 0.9679 0.8672 1.0176
60.1000 0.9744 0.8779 1.0314
60.2000 0.9807 0.8887 1.0471
60.3000 0.9868 0.8996 1.0655
60.4000 0.9926 0.9105 1.0879
60.5000 0.9980 0.9214 1.1165
60.6000 1.0030 0.9322 1.1546
60.7000 1.0073 0.9430 1.2064
60.8000 1.0109 0.9536 1.2766
60.9000 1.0134 0.9638 1.3689
61.0000 1.0148 0.9734 1.4864
61.1000 1.0149 0.9823 1.6329
61.2000 1.0137 0.9898 1.8125
61.3000 1.0113 0.9959 2.0260
61.4000 1.0080 1.0001 2.2706
61.5000 1.0039 1.0028 2.5365
61.6000 0.9961 1.0064 2.6739
61.7000 0.9849 1.0118 2.6862
61.8000 0.9735 1.0173 2.6932
61.9000 0.9620 1.0226 2.6997
62.0000 0.9505 1.0280 2.7061
62.1000 0.9390 1.0332 2.7124
62.2000 0.9274 1.0384 2.7186
62.3000 0.9158 1.0435 2.7248
62.4000 0.9042 1.0485 2.7311
62.5000 0.8926 1.0535 2.7373
62.6000 0.8809 1.0584 2.7435
62.7000 0.8692 1.0632 2.7496
62.8000 0.8574 1.0679 2.7558
62.9000 0.8457 1.0726 2.7620
63.0000 0.8338 1.0772 2.7682
63.1000 0.8220 1.0817 2.7744
63.2000 0.8102 1.0861 2.7807
63.3000 0.7983 1.0905 2.7869
63.4000 0.7863 1.0948 2.7931
63.5000 0.7744 1.0990 2.7993
63.6000 0.7624 1.1032 2.8056
63.7000 0.7504 1.1072 2.8118
63.8000 0.7384 1.1112 2.8181
63.9000 0.7264 1.1152 2.8243
64.0000 0.7143 1.1190 2.8306
64.1000 0.7022 1.1228 2.8369
64.2000 0.6901 1.1265 2.8432
64.3000 0.6780 1.1301 2.8495
64.4000 0.6658 1.1336 2.8558
64.5000 0.6536 1.1371 2.8621
64.6000 0.6414 1.1405 2.8685
64.7000 0.6292 1.1438 2.8748
64.8000 0.6169 1.1470 2.8812
64.9000 0.6046 1.1501 2.8876
65.0000 0.5924 1.1532 2.8940
65.1000 0.5800 1.1562 2.9004
65.2000 0.5677 1.1591 2.9068
65.3000 0.5554 1.1620 2.9133
65.4000 0.5430 1.1647 2.9197
65.5000 0.5306 1.1674 2.9262
65.6000 0.5182 1.1700 2.9327
65.7000 0.5058 1.1725 2.9392
65.8000 0.4934 1.1749 2.9457
65.9000 0.4809 1.1772 2.9523
66.0000 0.4685 1.1795 2.9589
66.1000 0.4560 1.1817 2.9655
66.2000 0.4435 1.1838 2.9721
66.3000 0.4310 1.1858 2.9787
66.4000 0.4185 1.1877 2.9854
66.5000 0.4059 1.1896 2.9921
66.6000 0.3934 1.1913 2.9988
66.7000 0.3808 1.1930 3.0055
66.8000 0.3683 1.1946 3.0123
66.9000 0.3557 1.1961 3.0191
67.0000 0.3431 1.1975 3.0259
67.1000 0.3305 1.1989 3.0328
67.2000 0.3179 1.2001 3.0396
67.3000 0.3053 1.2013 3.0465
67.4000 0.2927 1.2023 3.0535
67.5000 0.2801 1.2033 3.0604
67.6000 0.2674 1.2042 3.0674
67.7000 0.2548 1.2050 3.0745
67.8000 0.2422 1.2057 3.0815
67.9000 0.2295 1.2064 3.0886
68.0000 0.2169 1.2069 3.0957
68.1000 0.2042 1.2074 3.1029
68.2000 0.1916 1.2077 3.1100
68.3000 0.1789 1.2080 3.1173
68.4000 0.1662 1.2081 3.1245
68.5000 0.1536 1.2082 3.1318
68.6000 0.1409 1.2082 3.1391
68.7000 0.1283 1.2081 3.1465
68.8000 0.1156 1.2079 3.1539
68.9000 0.1030 1.2076 3.1614
69.0000 0.0903 1.2072 3.1689
69.1000 0.0777 1.2067 3.1764
69.2000 0.0650 1.2061 3.1840
69.3000 0.0524 1.2054 3.1916
69.4000 0.0397 1.2047 3.1993
69.5000 0.0271 1.2038 3.2070
69.6000 0.0145 1.2028 3.2147
69.7000 0.0019 1.2018 3.2225
69.8000 -0.0107 1.2006 3.2304
69.9000 -0.0233 1.1993 3.2383
70.0000 -0.0359 1.1979 3.2463
70.1000 -0.0484 1.1965 3.2543
70.2000 -0.0610 1.1949 3.2623
70.3000 -0.0735 1.1932 3.2705
70.4000 -0.0860 1.1914 3.2786
70.5000 -0.0986 1.1896 3.2869
70.6000 -0.1110 1.1876 3.2952
70.7000 -0.1235 1.1855 3.3036
70.8000 -0.1360 1.1833 3.3120
70.9000 -0.1484 1.1810 3.3205
71.0000 -0.1608 1.1786 3.3291
71.1000 -0.1732 1.1761 3.3377
71.2000 -0.1856 1.1735 3.3464
71.3000 -0.1979 1.1707 3.3552
71.4000 -0.2102 1.1679 3.3641
71.5000 -0.2225 1.1649 3.3730
71.6000 -0.2348 1.1619 3.3820
71.7000 -0.2470 1.1587 3.3911
71.8000 -0.2592 1.1554 3.4003
71.9000 -0.2714 1.1520 3.4096
72.0000 -0.2835 1.1485 3.4190
72.1000 -0.2956 1.1449 3.4285
72.2000 -0.3077 1.1412 3.4380
72.3000 -0.3197 1.1373 3.4477
72.4000 -0.3317 1.1334 3.4575
72.5000 -0.3436 1.1293 3.4674
72.6000 -0.3555 1.1251 3.4774
72.7000 -0.3674 1.1207 3.4875
72.8000 -0.3792 1.1163 3.4978
72.9000 -0.3909 1.1117 3.5081
73.0000 -0.4026 1.1070 3.5187
73.1000 -0.4143 1.1022 3.5293
73.2000 -0.4259 1.0973 3.5401
73.3000 -0.4374 1.0922 3.5510
73.4000 -0.4489 1.0870 3.5621
73.5000 -0.4603 1.0817 3.5733
73.6000 -0.4717 1.0763 3.5848
73.7000 -0.4830 1.0707 3.5963
73.8000 -0.4942 1.0650 3.6081
73.9000 -0.5053 1.0592 3.6201
74.0000 -0.5164 1.0532 3.6322
74.1000 -0.5274 1.0471 3.6445
74.2000 -0.5383 1.0409 3.6568
74.3000 -0.5492 1.0345 3.6691
74.4000 -0.5600 1.0280 3.6814
74.5000 -0.5707 1.0214 3.6937
74.6000 -0.5813 1.0146 3.7060
74.7000 -0.5918 1.0077 3.7183
74.8000 -0.6023 1.0007 3.7306
74.9000 -0.6126 0.9936 3.7429
75.0000 -0.6229 0.9863 3.7552
75.1000 -0.6331 0.9789 3.7674
75.2000 -0.6432 0.9714 3.7797
75.3000 -0.6532 0.9638 3.7920
75.4000 -0.6631 0.9560 3.8042
75.5000 -0.6730 0.9481 3.8165
75.6000 -0.6827 0.9401 3.8287
75.7000 -0.6923 0.9320 3.8410
75.8000 -0.7019 0.9237 3.8532
75.9000 -0.7113 0.9154 3.8655
76.0000 -0.7206 0.9069 3.8777
76.1000 -0.7299 0.8983 3.8899
76.2000 -0.7390 0.8897 3.9021
76.3000 -0.7480 0.8809 3.9144
76.4000 -0.7569 0.8719 3.9266
76.5000 -0.7657 0.8629 3.9388
76.6000 -0.7744 0.8538 3.9510
76.7000 -0.7830 0.8446 3.9632
76.8000 -0.7915 0.8352 3.9754
76.9000 -0.7999 0.8258 3.9875
77.0000 -0.8081 0.8163 3.9997
77.1000 -0.8162 0.8067 4.0119
77.2000 -0.8243 0.7969 4.0241
77.3000 -0.8322 0.7871 4.0362
77.4000 -0.8400 0.7772 4.0484
77.5000 -0.8476 0.7672 4.0606
77.6000 -0.8552 0.7571 4.0727
77.7000 -0.8626 0.7469 4.0849
77.8000 -0.8699 0.7366 4.0970
77.9000 -0.8770 0.7262 4.1092
78.0000 -0.8841 0.7158 4.1213
78.1000 -0.8910 0.7053 4.1334
78.2000 -0.8978 0.6946 4.1455
78.3000 -0.9045 0.6839 4.1577
78.4000 -0.9110 0.6732 4.1698
78.5000 -0.9174 0.6623 4.1819
78.6000 -0.9237 0.6514 4.1940
78.7000 -0.9299 0.6404 4.2061
78.8000 -0.9359 0.6293 4.2182
78.9000 -0.9417 0.6182 4.2303
79.0000 -0.9475 0.6070 4.2424
79.1000 -0.9531 0.5957 4.2545
79.2000 -0.9586 0.5843 4.2666
79.3000 -0.9639 0.5729 4.2786
79.4000 -0.9691 0.5614 4.2907
79.5000 -0.9742 0.5499 4.3028
79.6000 -0.9791 0.5383 4.3149
79.7000 -0.9839 0.5267 4.3269
79.8000 -0.9885 0.5150 4.3390
79.9000 -0.9930 0.5032 4.3510
80.0000 -0.9974 0.4914 4.3631
80.1000 -1.0016 0.4795 4.3752
80.2000 -1.0057 0.4676 4.3872
80.3000 -1.0096 0.4557 4.3992
80.4000 -1.0134 0.4437 4.4113
80.5000 -1.0171 0.4316 4.4233
80.6000 -1.0206 0.4195 4.4354
80.7000 -1.0239 0.4074 4.4474
80.8000 -1.0271 0.3953 4.4594
80.9000 -1.0302 0.3831 4.4714
81.0000 -1.0331 0.3708 4.4835
81.1000 -1.0359 0.3586 4.4955
81.2000 -1.0385 0.3463 4.5075
81.3000 -1.0410 0.3339 4.5195
81.4000 -1.0433 0.3216 4.5315
81.5000 -1.0455 0.3092 4.5435
81.6000 -1.0476 0.2968 4.5555
81.7000 -1.0494 0.2844 4.5675
81.8000 -1.0512 0.2719 4.5795
81.9000 -1.0528 0.2595 4.5915
82.0000 -1.0542 0.2470 4.6035
82.1000 -1.0555 0.2345 4.6155
82.2000 -1.0566 0.2220 4.6275
82.3000 -1.0576 0.2095 4.6395
82.4000 -1.0585 0.1969 4.6514
82.5000 -1.0591 0.1844 4.6634
82.6000 -1.0597 0.1719 4.6754
82.7000 -1.0601 0.1593 4.6874
82.8000 -1.0603 0.1468 4.6993
82.9000 -1.0604 0.1342 4.7113
83.0000 -1.0603 0.1217 4.7233
83.1000 -1.0601 0.1091 4.7352
83.2000 -1.0598 0.0966 4.7472
83.3000 -1.0593 0.0841 4.7591
83.4000 -1.0586 0.0716 4.7711
83.5000 -1.0578 0.0590 4.7830
83.6000 -1.0568 0.0465 4.7950
83.7000 -1.0557 0.0341 4.8069
83.8000 -1.0545 0.0216 4.8189
83.9000 -1.0530 0.0091 4.8308
84.0000 -1.0515 -0.0033 4.8427
84.1000 -1.0498 -0.0157 4.8547
84.2000 -1.0479 -0.0281 4.8666
84.3000 -1.0459 -0.0405 4.8785
84.4000 -1.0438 -0.0528 4.8905
84.5000 -1.0415 -0.0651 4.9024
84.6000 -1.0390 -0.0774 4.9143
84.7000 -1.0365 -0.0896 4.9262
84.8000 -1.0337 -0.1018 4.9381
84.9000 -1.0308 -0.1140 4.9500
85.0000 -1.0278 -0.1262 4.9619
85.1000 -1.0246 -0.1383 4.9738
85.2000 -1.0213 -0.1503 4.9857
85.3000 -1.0179 -0.1624 4.9976
85.4000 -1.0143 -0.1743 5.0095
85.5000 -1.0105 -0.1863 5.0214
85.6000 -1.0066 -0.1981 5.0333
85.7000 -1.0026 -0.2100 5.0452
85.8000 -0.9984 -0.2218 5.0570
85.9000 -0.9941 -0.2335 5.0689
86.0000 -0.9897 -0.2452 5.0808
86.1000 -0.9851 -0.2568 5.0927
86.2000 -0.9803 -0.2684 5.1045
86.3000 -0.9755 -0.2799 5.1164
86.4000 -0.9705 -0.2913 5.1282
86.5000 -0.9653 -0.3027 5.1401
86.6000 -0.9601 -0.3141 5.1519
86.7000 -0.9547 -0.3253 5.1638
86.8000 -0.9491 -0.3365 5.1756
86.9000 -0.9434 -0.3477 5.1874
87.0000 -0.9376 -0.3587 5.1993
87.1000 -0.9317 -0.3697 5.2111
87.2000 -0.9256 -0.3806 5.2229
87.3000 -0.9194 -0.3915 5.2347
87.4000 -0.9131 -0.4022 5.2465
87.5000 -0.9067 -0.4129 5.2583
87.6000 -0.9001 -0.4235 5.2701
87.7000 -0.8934 -0.4341 5.2819
87.8000 -0.8865 -0.4445 5.2937
87.9000 -0.8796 -0.4549 5.3054
88.0000 -0.8725 -0.4652 5.3172
88.1000 -0.8653 -0.4754 5.3290
88.2000 -0.8580 -0.4855 5.3407
88.3000 -0.8506 -0.4955 5.3525
88.4000 -0.8430 -0.5054 5.3642
88.5000 -0.8353 -0.5153 5.3760
88.6000 -0.8275 -0.5250 5.3877
88.7000 -0.8196 -0.5347 5.3994
88.8000 -0.8116 -0.5443 5.4112
88.9000 -0.8035 -0.5537 5.4229
89.0000 -0.7952 -0.5631 5.4346
89.1000 -0.7869 -0.5724 5.4466
89.2000 -0.7784 -0.5815 5.4590
89.3000 -0.7699 -0.5905 5.4717
89.4000 -0.7612 -0.5995 5.4850
89.5000 -0.7524 -0.6082 5.4987
89.6000 -0.7435 -0.6168 5.5130
89.7000 -0.7345 -0.6253 5.5280
89.8000 -0.7254 -0.6336 5.5438
89.9000 -0.7161 -0.6418 5.5604
90.0000 -0.7067 -0.6497 5.5781
90.1000 -0.6973 -0.6575 5.5971
90.2000 -0.6876 -0.6650 5.6176
90.3000 -0.6779 -0.6722 5.6400
90.4000 -0.6681 -0.6792 5.6649
90.5000 -0.6581 -0.6858 5.6930
90.6000 -0.6480 -0.6920 5.7253
90.7000 -0.6379 -0.6976 5.7638
90.8000 -0.6277 -0.7026 5.8115
90.9000 -0.6176 -0.7068 5.8736
91.0000 -0.6077 -0.7097 5.9600
91.1000 -0.5987 -0.7110 6.0881
91.2000 -0.5911 -0.7103 6.2788
91.3000 -0.5845 -0.7081 0.2199
91.4000 -0.5748 -0.7044 0.3210
91.5000 -0.5640 -0.7000 0.3722
91.6000 -0.5530 -0.6951 0.4075
91.7000 -0.5420 -0.6899 0.4351
91.8000 -0.5310 -0.6843 0.4580
91.9000 -0.5200 -0.6786 0.4778
92.0000 -0.5091 -0.6726 0.4954
92.1000 -0.4982 -0.6664 0.5113
92.2000 -0.4874 -0.6601 0.5259
92.3000 -0.4767 -0.6536 0.5394
92.4000 -0.4660 -0.6470 0.5521
92.5000 -0.4554 -0.6402 0.5639
92.6000 -0.4448 -0.6334 0.5747
92.7000 -0.4343 -0.6264 0.5848
92.8000 -0.4238 -0.6193 0.5941
92.9000 -0.4134 -0.6121 0.6029
93.0000 -0.4031 -0.6048 0.6110
93.1000 -0.3928 -0.5975 0.6188
93.2000 -0.3825 -0.5901 0.6260
93.3000 -0.3723 -0.5826 0.6329
93.4000 -0.3622 -0.5750 0.6395
93.5000 -0.3520 -0.5673 0.6457
93.6000 -0.3420 -0.5597 0.6516
93.7000 -0.3319 -0.5519 0.6572
93.8000 -0.3219 -0.5441 0.6626
93.9000 -0.3120 -0.5362 0.6677
94.0000 -0.3021 -0.5283 0.6727
94.1000 -0.2922 -0.5204 0.6774
94.2000 -0.2823 -0.5124 0.6819
94.3000 -0.2725 -0.5043 0.6863
94.4000 -0.2627 -0.4962 0.6905
94.5000 -0.2530 -0.4881 0.6945
94.6000 -0.2433 -0.4799 0.6984
94.7000 -0.2336 -0.4717 0.7022
94.8000 -0.2239 -0.4635 0.7058
94.9000 -0.2143 -0.4552 0.7093
95.0000 -0.2047 -0.4469 0.7127
95.1000 -0.1951 -0.4386 0.7159
95.2000 -0.1856 -0.4302 0.7191
95.3000 -0.1760 -0.4218 0.7222
95.4000 -0.1665 -0.4134 0.7251
95.5000 -0.1571 -0.4049 0.7280
95.6000 -0.1476 -0.3965 0.7308
95.7000 -0.1382 -0.3880 0.7335
95.8000 -0.1288 -0.3794 0.7361
95.9000 -0.1194 -0.3709 0.7387
96.0000 -0.1100 -0.3623 0.7412
96.1000 -0.1007 -0.3537 0.7436
96.2000 -0.0913 -0.3451 0.7459
96.3000 -0.0820 -0.3365 0.7482
96.4000 -0.0727 -0.3278 0.7504
96.5000 -0.0635 -0.3191 0.7526
96.6000 -0.0542 -0.3104 0.7547
96.7000 -0.0450 -0.3017 0.7568
96.8000 -0.0358 -0.2930 0.7588
96.9000 -0.0266 -0.2842 0.7608
97.0000 -0.0174 -0.2754 0.7627
97.1000 -0.0082 -0.2666 0.7646
97.2000 0.0009 -0.2578 0.7664
97.3000 0.0100 -0.2490 0.7682
97.4000 0.0192 -0.2402 0.7700
97.5000 0.0283 -0.2313 0.7717
97.6000 0.0373 -0.2224 0.7734
97.7000 0.0464 -0.2136 0.7750
97.8000 0.0555 -0.2047 0.7767
97.9000 0.0645 -0.1957 0.7782
98.0000 0.0735 -0.1868 0.7798
98.1000 0.0826 -0.1779 0.7813
98.2000 0.0916 -0.1689 0.7829
98.3000 0.1006 -0.1600 0.7843
98.4000 0.1095 -0.1510 0.7858
98.5000 0.1185 -0.1420 0.7872
98.6000 0.1274 -0.1330 0.7887
98.7000 0.1364 -0.1239 0.7901
98.8000 0.1453 -0.1149 0.7914
98.9000 0.1542 -0.1059 0.7928
99.0000 0.1631 -0.0968 0.7941
99.1000 0.1720 -0.0877 0.7955
99.2000 0.1809 -0.0787 0.7968
99.3000 0.1897 -0.0696 0.7981
99.4000 0.1986 -0.0605 0.7993
99.5000 0.2074 -0.0514 0.8006
99.6000 0.2163 -0.0422 0.8019
99.7000 0.2251 -0.0331 0.8031
99.8000 0.2339 -0.0240 0.8043
99.9000 0.2427 -0.0148 0.8056
100.0000 0.2515 -0.0056 0.8068
100.1000 0.2602 0.0035 0.8080
100.2000 0.2690 0.0127 0.8092
100.3000 0.2777 0.0219 0.8104
100.4000 0.2865 0.0311 0.8116
100.5000 0.2952 0.0404 0.8128
100.6000 0.3039 0.0496 0.8140
100.7000 0.3126 0.0588 0.8151
100.8000 0.3213 0.0681 0.8163
100.9000 0.3300 0.0773 0.8175
101.0000 0.3387 0.0866 0.8187
101.1000 0.3473 0.0959 0.8198
101.2000 0.3560 0.1052 0.8210
101.3000 0.3646 0.1145 0.8222
101.4000 0.3733 0.1238 0.8234
101.5000 0.3819 0.1331 0.8246
101.6000 0.3905 0.1424 0.8257
101.7000 0.3991 0.1518 0.8269
101.8000 0.4077 0.1611 0.8281
101.9000 0.4163 0.1705 0.8293
102.0000 0.4248 0.1799 0.8305
102.1000 0.4334 0.1893 0.8318
102.2000 0.4419 0.1986 0.8330
102.3000 0.4504 0.2081 0.8342
102.4000 0.4590 0.2175 0.8354
102.5000 0.4675 0.2269 0.8367
102.6000 0.4760 0.2363 0.8380
102.7000 0.4844 0.2458 0.8392
102.8000 0.4929 0.2552 0.8405
102.9000 0.5014 0.2647 0.8418
103.0000 0.5098 0.2742 0.8431
103.1000 0.5182 0.2837 0.8445
103.2000 0.5267 0.2932 0.8458
103.3000 0.5351 0.3027 0.8472
103.4000 0.5435 0.3122 0.8486
103.5000 0.5518 0.3217 0.8500
103.6000 0.5602 0.3313 0.8514
103.7000 0.5686 0.3409 0.8528
103.8000 0.5769 0.3504 0.8543
103.9000 0.5852 0.3600 0.8558
104.0000 0.5935 0.3696 0.8573
104.1000 0.6018 0.3792 0.8588
104.2000 0.6101 0.3889 0.8604
104.3000 0.6184 0.3985 0.8620
104.4000 0.6266 0.4081 0.8636
104.5000 0.6349 0.4178 0.8653
104.6000 0.6431 0.4275 0.8670
104.7000 0.6513 0.4372 0.8687
104.8000 0.6595 0.4469 0.8705
104.9000 0.6676 0.4566 0.8723
105.0000 0.6758 0.4663 0.8741
105.1000 0.6839 0.4761 0.8760
105.2000 0.6920 0.4859 0.8780
105.3000 0.7001 0.4956 0.8799
105.4000 0.7082 0.5054 0.8820
105.5000 0.7162 0.5153 0.8840
105.6000 0.7243 0.5251 0.8862
105.7000 0.7323 0.5349 0.8884
105.8000 0.7403 0.5448 0.8906
105.9000 0.7482 0.5547 0.8930
106.0000 0.7562 0.5646 0.8954
106.1000 0.7641 0.5745 0.8978
106.2000 0.7720 0.5845 0.9003
106.3000 0.7798 0.5944 0.9029
106.4000 0.7877 0.6044 0.9056
106.5000 0.7955 0.6144 0.9084
106.6000 0.8033 0.6245 0.9112
106.7000 0.8110 0.6345 0.9142
106.8000 0.8188 0.6446 0.9172
106.9000 0.8264 0.6547 0.9204
107.0000 0.8341 0.6648 0.9237
107.1000 0.8417 0.6750 0.9271
107.2000 0.8493 0.6852 0.9307
107.3000 0.8569 0.6954 0.9345
107.4000 0.8644 0.7056 0.9384
107.5000 0.8718 0.7159 0.9425
107.6000 0.8793 0.7262 0.9468
107.7000 0.8866 0.7365 0.9514
107.8000 0.8940 0.7468 0.9562
107.9000 0.9012 0.7572 0.9614
108.0000 0.9084 0.7677 0.9668
108.1000 0.9156 0.7781 0.9726
108.2000 0.9227 0.7886 0.9789
108.3000 0.9297 0.7992 0.9856
108.4000 0.9366 0.8098 0.9929
108.5000 0.9435 0.8204 1.0009
108.6000 0.9502 0.8311 1.0096
108.7000 0.9568 0.8419 1.0193
108.8000 0.9634 0.8527 1.0300
108.9000 0.9697 0.8635 1.0421
109.0000 0.9760 0.8744 1.0555
109.1000 0.9820 0.8854 1.0704
109.2000 0.9879 0.8964 1.0878
109.3000 0.9934 0.9074 1.1088
109.4000 0.9987 0.9185 1.1352
109.5000 1.0035 0.9295 1.1699
109.6000 1.0078 0.9404 1.2172
109.7000 1.0113 0.9511 1.2819
109.8000 1.0138 0.9615 1.3680
109.9000 1.0152 0.9713 1.4785
110.0000 1.0155 0.9804 1.6167
110.1000 1.0144 0.9883 1.7867
110.2000 1.0121 0.9947 1.9905
110.3000 1.0089 0.9993 2.2264
110.4000 1.0050 1.0022 2.4900
110.5000 0.9991 1.0045 2.7095
110.6000 0.9876 1.0095 2.7215
110.7000 0.9761 1.0146 2.7288
110.8000 0.9644 1.0196 2.7353
110.9000 0.9528 1.0245 2.7417
111.0000 0.9411 1.0293 2.7481
111.1000 0.9293 1.0340 2.7543
111.2000 0.9176 1.0387 2.7606
111.3000 0.9058 1.0433 2.7668
111.4000 0.8939 1.0479 2.7730
111.5000 0.8821 1.0523 2.7792
111.6000 0.8702 1.0567 2.7854
111.7000 0.8583 1.0610 2.7917
111.8000 0.8463 1.0653 2.7979
111.9000 0.8344 1.0694 2.8041
112.0000 0.8224 1.0735 2.8103
112.1000 0.8104 1.0776 2.8165
112.2000 0.7983 1.0815 2.8228
112.3000 0.7863 1.0854 2.8290
112.4000 0.7742 1.0891 2.8352
112.5000 0.7621 1.0929 2.8415
112.6000 0.7499 1.0965 2.8478
112.7000 0.7378 1.1001 2.8540
112.8000 0.7256 1.1035 2.8603
112.9000 0.7134 1.1070 2.8666
113.0000 0.7012 1.1103 2.8729
113.1000 0.6889 1.1135 2.8792
113.2000 0.6767 1.1167 2.8855
113.3000 0.6644 1.1198 2.8918
113.4000 0.6521 1.1228 2.8982
113.5000 0.6397 1.1258 2.9045
113.6000 0.6274 1.1286 2.9109
113.7000 0.6150 1.1314 2.9173
113.8000 0.6027 1.1341 2.9237
113.9000 0.5903 1.1367 2.9301
114.0000 0.5779 1.1393 2.9365
114.1000 0.5654 1.1418 2.9429
114.2000 0.5530 1.1441 2.9494
114.3000 0.5405 1.1464 2.9559
114.4000 0.5280 1.1487 2.9623
114.5000 0.5156 1.1508 2.9688
114.6000 0.5031 1.1529 2.9754
114.7000 0.4905 1.1548 2.9819
114.8000 0.4780 1.1567 2.9885
114.9000 0.4655 1.1585 2.9950
115.0000 0.4529 1.1603 3.0016
115.1000 0.4404 1.1619 3.0083
115.2000 0.4278 1.1635 3.0149
115.3000 0.4152 1.1649 3.0216
115.4000 0.4026 1.1663 3.0283
115.5000 0.3900 1.1676 3.0350
115.6000 0.3774 1.1689 3.0418
115.7000 0.3648 1.1700 3.0485
115.8000 0.3522 1.1710 3.0553
115.9000 0.3395 1.1720 3.0622
116.0000 0.3269 1.1729 3.0690
116.1000 0.3143 1.1737 3.0759
116.2000 0.3016 1.1744 3.0828
116.3000 0.2890 1.1750 3.0898
116.4000 0.2763 1.1755 3.0967
116.5000 0.2636 1.1759 3.1037
116.6000 0.2510 1.1763 3.1108
116.7000 0.2383 1.1765 3.1178
116.8000 0.2257 1.1767 3.1249
116.9000 0.2130 1.1768 3.1320
117.0000 0.2003 1.1768 3.1392
117.1000 0.1877 1.1767 3.1464
117.2000 0.1750 1.1765 3.1536
117.3000 0.1623 1.1762 3.1609
117.4000 0.1497 1.1758 3.1682
117.5000 0.1370 1.1753 3.1755
117.6000 0.1244 1.1748 3.1829
117.7000 0.1117 1.1741 3.1903
117.8000 0.0991 1.1733 3.1978
117.9000 0.0865 1.1725 3.2053
118.0000 0.0738 1.1715 3.2128
118.1000 0.0612 1.1705 3.2204
118.2000 0.0486 1.1693 3.2280
118.3000 0.0360 1.1681 3.2357
118.4000 0.0234 1.1668 3.2434
118.5000 0.0109 1.1653 3.2512
118.6000 -0.0017 1.1638 3.2590
118.7000 -0.0143 1.1622 3.2668
118.8000 -0.0268 1.1605 3.2748
118.9000 -0.0393 1.1586 3.2827
119.0000 -0.0518 1.1567 3.2908
119.1000 -0.0643 1.1547 3.2988
119.2000 -0.0768 1.1525 3.3070
119.3000 -0.0892 1.1503 3.3152
119.4000 -0.1017 1.1480 3.3234
119.5000 -0.1141 1.1455 3.3317
119.6000 -0.1265 1.1430 3.3401
119.7000 -0.1388 1.1403 3.3485
119.8000 -0.1512 1.1376 3.3570
119.9000 -0.1635 1.1347 3.3656
120.0000 -0.1758 1.1318 3.3743
120.1000 -0.1881 1.1287 3.3830
120.2000 -0.2003 1.1255 3.3918
120.3000 -0.2125 1.1222 3.4006
120.4000 -0.2247 1.1188 3.4096
120.5000 -0.2368 1.1153 3.4186
120.6000 -0.2489 1.1117 3.4277
120.7000 -0.2610 1.1080 3.4369
120.8000 -0.2730 1.1042 3.4462
120.9000 -0.2850 1.1002 3.4556
121.0000 -0.2970 1.0962 3.4651
121.1000 -0.3089 1.0920 3.4747
121.2000 -0.3208 1.0877 3.4844
121.3000 -0.3326 1.0833 3.4942
121.4000 -0.3444 1.0788 3.5041
121.5000 -0.3562 1.0741 3.5141
121.6000 -0.3679 1.0694 3.5242
121.7000 -0.3795 1.0645 3.5345
121.8000 -0.3911 1.0595 3.5449
121.9000 -0.4026 1.0544 3.5554
122.0000 -0.4141 1.0492 3.5660
122.1000 -0.4255 1.0438 3.5768
122.2000 -0.4369 1.0383 3.5878
122.3000 -0.4481 1.0327 3.5989
122.4000 -0.4594 1.0270 3.6101
122.5000 -0.4705 1.0211 3.6215
122.6000 -0.4816 1.0152 3.6331
122.7000 -0.4926 1.0091 3.6449
122.8000 -0.5035 1.0028 3.6569
122.9000 -0.5144 0.9965 3.6691
123.0000 -0.5252 0.9900 3.6814
123.1000 -0.5359 0.9833 3.6937
123.2000 -0.5465 0.9766 3.7061
123.3000 -0.5570 0.9697 3.7184
123.4000 -0.5675 0.9627 3.7307
123.5000 -0.5778 0.9555 3.7430
123.6000 -0.5881 0.9483 3.7553
123.7000 -0.5983 0.9409 3.7677
123.8000 -0.6084 0.9333 3.7800
123.9000 -0.6184 0.9257 3.7923
124.0000 -0.6283 0.9179 3.8046
124.1000 -0.6381 0.9100 3.8169
124.2000 -0.6478 0.9020 3.8292
124.3000 -0.6575 0.8939 3.8414
124.4000 -0.6670 0.8857 3.8537
124.5000 -0.6764 0.8773 3.8660
124.6000 -0.6858 0.8688 3.8783
124.7000 -0.6950 0.8603 3.8905
124.8000 -0.7041 0.8516 3.9028
124.9000 -0.7131 0.8428 3.9151
125.0000 -0.7220 0.8338 3.9273
125.1000 -0.7308 0.8248 3.9396
125.2000 -0.7395 0.8157 3.9518
125.3000 -0.7481 0.8065 3.9640
125.4000 -0.7566 0.7971 3.9763
125.5000 -0.7649 0.7877 3.9885
125.6000 -0.7732 0.7781 4.0007
125.7000 -0.7813 0.7685 4.0129
125.8000 -0.7893 0.7588 4.0252
125.9000 -0.7972 0.7489 4.0374
126.0000 -0.8049 0.7390 4.0496
126.1000 -0.8126 0.7290 4.0618
126.2000 -0.8201 0.7189 4.0740
126.3000 -0.8275 0.7087 4.0862
126.4000 -0.8348 0.6984 4.0983
126.5000 -0.8420 0.6880 4.1105
126.6000 -0.8490 0.6776 4.1227
126.7000 -0.8559 0.6670 4.1349
126.8000 -0.8627 0.6564 4.1470
126.9000 -0.8693 0.6457 4.1592
127.0000 -0.8759 0.6349 4.1714
127.1000 -0.8823 0.6241 4.1835
127.2000 -0.8885 0.6131 4.1957
127.3000 -0.8946 0.6021 4.2078
127.4000 -0.9006 0.5910 4.2199
127.5000 -0.9065 0.5799 4.2321
127.6000 -0.9122 0.5687 4.2442
127.7000 -0.9178 0.5574 4.2563
127.8000 -0.9233 0.5460 4.2684
127.9000 -0.9286 0.5346 4.2806
128.0000 -0.9338 0.5231 4.2927
128.1000 -0.9388 0.5116 4.3048
128.2000 -0.9437 0.5000 4.3169
128.3000 -0.9485 0.4883 4.3290
128.4000 -0.9531 0.4766 4.3411
128.5000 -0.9576 0.4648 4.3532
128.6000 -0.9619 0.4530 4.3653
128.7000 -0.9661 0.4411 4.3774
128.8000 -0.9701 0.4292 4.3895
128.9000 -0.9740 0.4173 4.4015
129.0000 -0.9778 0.4053 4.4136
129.1000 -0.9814 0.3932 4.4257
129.2000 -0.9849 0.3811 4.4377
129.3000 -0.9882 0.3690 4.4498
129.4000 -0.9914 0.3568 4.4619
129.5000 -0.9944 0.3446 4.4739
129.6000 -0.9973 0.3324 4.4860
129.7000 -1.0001 0.3201 4.4980
129.8000 -1.0027 0.3078 4.5101
129.9000 -1.0051 0.2955 4.5221
130.0000 -1.0074 0.2831 4.5342
130.1000 -1.0096 0.2707 4.5462
130.2000 -1.0116 0.2583 4.5583
130.3000 -1.0134 0.2459 4.5703
130.4000 -1.0151 0.2334 4.5823
130.5000 -1.0167 0.2210 4.5944
130.6000 -1.0181 0.2085 4.6064
130.7000 -1.0193 0.1960 4.6184
130.8000 -1.0204 0.1835 4.6304
130.9000 -1.0214 0.1710 4.6424
131.0000 -1.0222 0.1584 4.6545
131.1000 -1.0228 0.1459 4.6665
131.2000 -1.0233 0.1334 4.6785
131.3000 -1.0237 0.1208 4.6905
131.4000 -1.0239 0.1083 4.7025
131.5000 -1.0239 0.0957 4.7145
131.6000 -1.0238 0.0832 4.7265
131.7000 -1.0236 0.0706 4.7385
131.8000 -1.0232 0.0581 4.7505
131.9000 -1.0226 0.0456 4.7625
132.0000 -1.0219 0.0331 4.7744
