228.9000
229.0000
229.1000
229.2000
229.3000
229.4000
229.5000
229.6000
229.7000
229.8000
229.9000
230.0000
230.1000
230.2000
230.3000
230.4000
230.5000
230.6000
230.7000
230.8000
230.9000
231.0000
231.1000
231.2000
231.3000
231.4000
231.5000
231.6000
231.7000
231.8000
231.9000
232.0000
232.1000
232.2000
232.3000
232.4000
232.5000
232.6000
232.7000
232.8000
232.9000
233.0000
233.1000
233.2000
233.3000
233.4000
233.5000
233.6000
233.7000
233.8000
233.9000
234.0000
234.1000
234.2000
234.3000
234.4000
234.5000
234.6000
234.7000
234.8000
234.9000
235.0000
235.1000
235.2000
235.3000
235.4000
235.5000
235.6000
235.7000
235.8000
235.9000
236.0000
236.1000
236.2000
236.3000
236.4000
236.5000
236.6000
236.7000
236.8000
236.9000
237.0000
237.1000
237.2000
237.3000
237.4000
237.5000
237.6000
237.7000
237.8000
237.9000
238.0000
238.1000
238.2000
238.3000
238.4000
238.5000
