0.0000 0.0000 0.0000 0.0000
0.1000 0.0117 0.0008 0.0444
0.2000 0.0230 0.0022 0.1003
0.3000 0.0337 0.0045 0.1749
0.4000 0.0434 0.0078 0.2835
0.5000 0.0508 0.0120 0.4600
0.6000 0.0543 0.0155 0.7670
0.7000 0.0629 0.0241 0.7889
0.8000 0.0714 0.0330 0.8040
0.9000 0.0799 0.0420 0.8154
1.0000 0.0883 0.0511 0.8245
1.1000 0.0967 0.0604 0.8320
1.2000 0.1051 0.0697 0.8383
1.3000 0.1134 0.0790 0.8437
1.4000 0.1217 0.0884 0.8484
1.5000 0.1300 0.0979 0.8525
1.6000 0.1382 0.1074 0.8560
1.7000 0.1465 0.1169 0.8592
1.8000 0.1547 0.1265 0.8620
1.9000 0.1628 0.1361 0.8645
2.0000 0.1710 0.1457 0.8667
2.1000 0.1792 0.1553 0.8687
2.2000 0.1873 0.1650 0.8705
2.3000 0.1954 0.1746 0.8720
2.4000 0.2035 0.1843 0.8734
2.5000 0.2117 0.1940 0.8747
2.6000 0.2198 0.2037 0.8758
2.7000 0.2278 0.2134 0.8767
2.8000 0.2359 0.2232 0.8775
2.9000 0.2440 0.2329 0.8783
3.0000 0.2521 0.2427 0.8789
3.1000 0.2602 0.2524 0.8794
3.2000 0.2682 0.2622 0.8798
3.3000 0.2763 0.2719 0.8801
3.4000 0.2844 0.2817 0.8804
3.5000 0.2924 0.2915 0.8805
3.6000 0.3005 0.3013 0.8806
3.7000 0.3086 0.3110 0.8807
3.8000 0.3167 0.3208 0.8806
3.9000 0.3247 0.3306 0.8805
4.0000 0.3328 0.3404 0.8806
4.1000 0.3409 0.3502 0.8810
4.2000 0.3490 0.3600 0.8818
4.3000 0.3570 0.3698 0.8831
4.4000 0.3651 0.3796 0.8846
4.5000 0.3731 0.3895 0.8863
4.6000 0.3812 0.3994 0.8883
4.7000 0.3892 0.4093 0.8904
4.8000 0.3972 0.4192 0.8926
4.9000 0.4052 0.4291 0.8950
5.0000 0.4131 0.4391 0.8974
5.1000 0.4211 0.4491 0.8999
5.2000 0.4290 0.4591 0.9030
5.3000 0.4368 0.4691 0.9071
5.4000 0.4446 0.4792 0.9116
5.5000 0.4524 0.4893 0.9169
5.6000 0.4601 0.4994 0.9229
5.7000 0.4677 0.5096 0.9291
5.8000 0.4753 0.5199 0.9355
5.9000 0.4827 0.5302 0.9423
6.0000 0.4902 0.5405 0.9491
6.1000 0.4976 0.5509 0.9539
6.2000 0.5049 0.5614 0.9566
6.3000 0.5123 0.5719 0.9580
6.4000 0.5197 0.5824 0.9586
6.5000 0.5271 0.5929 0.9584
6.6000 0.5345 0.6033 0.9576
6.7000 0.5418 0.6138 0.9556
6.8000 0.5492 0.6242 0.9535
6.9000 0.5567 0.6347 0.9515
7.0000 0.5641 0.6451 0.9494
7.1000 0.5716 0.6555 0.9477
7.2000 0.5791 0.6659 0.9463
7.3000 0.5866 0.6763 0.9451
7.4000 0.5941 0.6867 0.9443
7.5000 0.6016 0.6971 0.9436
7.6000 0.6092 0.7075 0.9431
7.7000 0.6167 0.7179 0.9428
7.8000 0.6243 0.7283 0.9427
7.9000 0.6318 0.7386 0.9428
8.0000 0.6394 0.7490 0.9432
8.1000 0.6469 0.7594 0.9439
8.2000 0.6544 0.7698 0.9449
8.3000 0.6619 0.7802 0.9466
8.4000 0.6694 0.7906 0.9489
8.5000 0.6768 0.8010 0.9526
8.6000 0.6841 0.8114 0.9580
8.7000 0.6913 0.8219 0.9664
8.8000 0.6984 0.8323 0.9796
8.9000 0.7051 0.8427 1.0023
9.0000 0.7112 0.8529 1.0444
9.1000 0.7159 0.8625 1.1370
9.2000 0.7160 0.8627 1.6146
9.3000 0.7159 0.8629 2.0918
9.4000 0.7146 0.8638 2.5043
9.5000 0.7146 0.8638 2.9900
9.6000 0.7146 0.8638 3.4756
9.7000 0.7130 0.8622 3.8891
9.8000 0.7044 0.8536 3.9265
9.9000 0.6959 0.8447 3.9529
10.0000 0.6875 0.8355 3.9716
10.1000 0.6791 0.8261 3.9855
10.2000 0.6708 0.8165 3.9956
10.3000 0.6625 0.8069 4.0034
10.4000 0.6542 0.7971 4.0095
10.5000 0.6460 0.7873 4.0141
10.6000 0.6378 0.7775 4.0177
10.7000 0.6296 0.7676 4.0206
10.8000 0.6214 0.7577 4.0228
10.9000 0.6133 0.7478 4.0246
11.0000 0.6051 0.7379 4.0259
11.1000 0.5970 0.7279 4.0270
11.2000 0.5889 0.7180 4.0278
11.3000 0.5807 0.7080 4.0285
11.4000 0.5726 0.6980 4.0293
11.5000 0.5645 0.6880 4.0302
11.6000 0.5564 0.6781 4.0311
11.7000 0.5483 0.6681 4.0322
11.8000 0.5403 0.6581 4.0329
11.9000 0.5322 0.6481 4.0337
12.0000 0.5241 0.6381 4.0343
12.1000 0.5161 0.6280 4.0350
12.2000 0.5080 0.6180 4.0356
12.3000 0.5000 0.6080 4.0362
12.4000 0.4920 0.5980 4.0367
12.5000 0.4839 0.5880 4.0372
12.6000 0.4759 0.5780 4.0376
12.7000 0.4679 0.5679 4.0378
12.8000 0.4599 0.5579 4.0379
12.9000 0.4519 0.5479 4.0378
13.0000 0.4439 0.5379 4.0379
13.1000 0.4359 0.5279 4.0381
13.2000 0.4279 0.5179 4.0384
13.3000 0.4199 0.5079 4.0388
13.4000 0.4119 0.4979 4.0392
13.5000 0.4040 0.4879 4.0398
13.6000 0.3960 0.4778 4.0404
13.7000 0.3880 0.4678 4.0411
13.8000 0.3800 0.4578 4.0419
13.9000 0.3721 0.4477 4.0427
14.0000 0.3641 0.4376 4.0435
14.1000 0.3562 0.4276 4.0443
14.2000 0.3482 0.4175 4.0451
14.3000 0.3403 0.4074 4.0460
14.4000 0.3324 0.3973 4.0468
14.5000 0.3245 0.3873 4.0477
14.6000 0.3166 0.3772 4.0485
14.7000 0.3087 0.3671 4.0494
14.8000 0.3008 0.3569 4.0503
14.9000 0.2929 0.3468 4.0512
15.0000 0.2851 0.3367 4.0521
15.1000 0.2772 0.3266 4.0530
15.2000 0.2694 0.3164 4.0539
15.3000 0.2615 0.3063 4.0548
15.4000 0.2537 0.2962 4.0557
15.5000 0.2459 0.2860 4.0567
15.6000 0.2381 0.2758 4.0576
15.7000 0.2303 0.2657 4.0586
15.8000 0.2225 0.2555 4.0595
15.9000 0.2148 0.2453 4.0605
16.0000 0.2070 0.2351 4.0615
16.1000 0.1992 0.2249 4.0624
16.2000 0.1915 0.2147 4.0634
16.3000 0.1838 0.2045 4.0644
16.4000 0.1760 0.1943 4.0654
16.5000 0.1683 0.1841 4.0664
16.6000 0.1606 0.1738 4.0674
16.7000 0.1529 0.1636 4.0684
16.8000 0.1453 0.1534 4.0695
16.9000 0.1376 0.1431 4.0705
17.0000 0.1299 0.1328 4.0715
17.1000 0.1223 0.1226 4.0726
17.2000 0.1147 0.1123 4.0736
17.3000 0.1070 0.1020 4.0747
17.4000 0.0994 0.0917 4.0757
17.5000 0.0918 0.0814 4.0768
17.6000 0.0842 0.0711 4.0779
17.7000 0.0766 0.0608 4.0789
17.8000 0.0691 0.0505 4.0800
17.9000 0.0615 0.0401 4.0811
18.0000 0.0540 0.0298 4.0822
18.1000 0.0464 0.0194 4.0833
18.2000 0.0389 0.0091 4.0844
18.3000 0.0314 -0.0013 4.0855
18.4000 0.0239 -0.0117 4.0866
18.5000 0.0164 -0.0220 4.0878
18.6000 0.0090 -0.0324 4.0889
18.7000 0.0015 -0.0428 4.0900
18.8000 -0.0060 -0.0532 4.0912
18.9000 -0.0134 -0.0636 4.0923
19.0000 -0.0208 -0.0741 4.0935
19.1000 -0.0282 -0.0845 4.0946
19.2000 -0.0356 -0.0949 4.0958
19.3000 -0.0430 -0.1054 4.0969
19.4000 -0.0504 -0.1158 4.0981
19.5000 -0.0578 -0.1263 4.0993
19.6000 -0.0651 -0.1368 4.1005
19.7000 -0.0725 -0.1473 4.1016
19.8000 -0.0798 -0.1577 4.1028
19.9000 -0.0871 -0.1682 4.1040
20.0000 -0.0944 -0.1788 4.1052
20.1000 -0.1017 -0.1893 4.1064
20.2000 -0.1090 -0.1998 4.1076
20.3000 -0.1162 -0.2103 4.1089
20.4000 -0.1235 -0.2209 4.1101
20.5000 -0.1307 -0.2314 4.1113
20.6000 -0.1380 -0.2420 4.1125
20.7000 -0.1452 -0.2525 4.1138
20.8000 -0.1524 -0.2631 4.1150
20.9000 -0.1596 -0.2737 4.1162
21.0000 -0.1667 -0.2843 4.1175
21.1000 -0.1739 -0.2949 4.1187
21.2000 -0.1810 -0.3055 4.1200
21.3000 -0.1882 -0.3161 4.1215
21.4000 -0.1953 -0.3268 4.1232
21.5000 -0.2024 -0.3374 4.1250
21.6000 -0.2094 -0.3481 4.1271
21.7000 -0.2165 -0.3588 4.1294
21.8000 -0.2235 -0.3695 4.1318
21.9000 -0.2305 -0.3802 4.1344
22.0000 -0.2375 -0.3909 4.1373
22.1000 -0.2444 -0.4016 4.1403
22.2000 -0.2513 -0.4124 4.1435
22.3000 -0.2582 -0.4232 4.1469
22.4000 -0.2649 -0.4340 4.1566
22.5000 -0.2715 -0.4448 4.1627
22.6000 -0.2781 -0.4557 4.1699
22.7000 -0.2846 -0.4666 4.1781
22.8000 -0.2910 -0.4776 4.1869
22.9000 -0.2973 -0.4886 4.1970
23.0000 -0.3034 -0.4996 4.2084
23.1000 -0.3094 -0.5107 4.2211
23.2000 -0.3152 -0.5219 4.2344
23.3000 -0.3209 -0.5331 4.2477
23.4000 -0.3265 -0.5445 4.2555
23.5000 -0.3321 -0.5560 4.2598
23.6000 -0.3377 -0.5675 4.2623
23.7000 -0.3433 -0.5791 4.2635
23.8000 -0.3489 -0.5906 4.2644
23.9000 -0.3544 -0.6022 4.2654
24.0000 -0.3599 -0.6138 4.2663
24.1000 -0.3655 -0.6253 4.2673
24.2000 -0.3710 -0.6369 4.2682
24.3000 -0.3765 -0.6485 4.2692
24.4000 -0.3820 -0.6601 4.2701
24.5000 -0.3875 -0.6717 4.2711
24.6000 -0.3929 -0.6833 4.2721
24.7000 -0.3984 -0.6949 4.2730
24.8000 -0.4039 -0.7065 4.2740
24.9000 -0.4093 -0.7182 4.2750
25.0000 -0.4147 -0.7298 4.2760
25.1000 -0.4201 -0.7414 4.2770
25.2000 -0.4255 -0.7531 4.2780
25.3000 -0.4309 -0.7647 4.2790
25.4000 -0.4363 -0.7763 4.2801
25.5000 -0.4417 -0.7880 4.2811
25.6000 -0.4470 -0.7997 4.2824
25.7000 -0.4524 -0.8113 4.2840
25.8000 -0.4577 -0.8230 4.2858
25.9000 -0.4630 -0.8347 4.2879
26.0000 -0.4682 -0.8464 4.2902
26.1000 -0.4735 -0.8581 4.2928
26.2000 -0.4787 -0.8698 4.2956
26.3000 -0.4838 -0.8815 4.2988
26.4000 -0.4889 -0.8932 4.3022
26.5000 -0.4940 -0.9050 4.3059
26.6000 -0.4990 -0.9167 4.3100
26.7000 -0.5040 -0.9285 4.3144
26.8000 -0.5089 -0.9403 4.3191
26.9000 -0.5136 -0.9520 4.3330
27.0000 -0.5161 -0.9605 4.4979
27.1000 -0.5183 -0.9719 4.5496
27.2000 -0.5198 -0.9833 4.6058
27.3000 -0.5199 -0.9913 4.7891
27.4000 -0.5188 -0.9958 5.0869
27.5000 -0.5178 -0.9970 5.5032
27.6000 -0.5178 -0.9970 5.9872
27.7000 -0.5167 -0.9966 0.1509
27.8000 -0.5162 -0.9961 0.6146
27.9000 -0.5161 -0.9959 1.0938
28.0000 -0.5102 -0.9845 1.0958
28.1000 -0.5043 -0.9731 1.0977
28.2000 -0.4985 -0.9617 1.0994
28.3000 -0.4927 -0.9502 1.1011
28.4000 -0.4869 -0.9388 1.1026
28.5000 -0.4811 -0.9273 1.1041
28.6000 -0.4754 -0.9159 1.1054
28.7000 -0.4696 -0.9044 1.1066
28.8000 -0.4639 -0.8929 1.1077
28.9000 -0.4581 -0.8814 1.1086
29.0000 -0.4524 -0.8700 1.1071
29.1000 -0.4467 -0.8586 1.1055
29.2000 -0.4410 -0.8472 1.1040
29.3000 -0.4352 -0.8358 1.1024
29.4000 -0.4294 -0.8244 1.1008
29.5000 -0.4237 -0.8131 1.0993
29.6000 -0.4178 -0.8017 1.0977
29.7000 -0.4120 -0.7903 1.0961
29.8000 -0.4062 -0.7790 1.0946
29.9000 -0.4003 -0.7677 1.0930
30.0000 -0.3944 -0.7563 1.0914
30.1000 -0.3885 -0.7450 1.0899
30.2000 -0.3826 -0.7337 1.0883
30.3000 -0.3767 -0.7224 1.0867
30.4000 -0.3707 -0.7111 1.0852
30.5000 -0.3648 -0.6999 1.0836
30.6000 -0.3588 -0.6886 1.0820
30.7000 -0.3528 -0.6774 1.0804
30.8000 -0.3468 -0.6661 1.0788
30.9000 -0.3407 -0.6549 1.0772
31.0000 -0.3347 -0.6436 1.0757
31.1000 -0.3286 -0.6324 1.0741
31.2000 -0.3225 -0.6212 1.0725
31.3000 -0.3164 -0.6100 1.0710
31.4000 -0.3103 -0.5988 1.0694
31.5000 -0.3041 -0.5877 1.0678
31.6000 -0.2980 -0.5765 1.0663
31.7000 -0.2918 -0.5653 1.0642
31.8000 -0.2856 -0.5542 1.0613
31.9000 -0.2794 -0.5432 1.0573
32.0000 -0.2732 -0.5322 1.0522
32.1000 -0.2668 -0.5213 1.0476
32.2000 -0.2605 -0.5103 1.0434
32.3000 -0.2541 -0.4994 1.0398
32.4000 -0.2476 -0.4885 1.0365
32.5000 -0.2412 -0.4776 1.0336
32.6000 -0.2346 -0.4667 1.0312
32.7000 -0.2281 -0.4558 1.0289
32.8000 -0.2215 -0.4449 1.0271
32.9000 -0.2149 -0.4340 1.0254
33.0000 -0.2083 -0.4232 1.0241
33.1000 -0.2017 -0.4123 1.0229
33.2000 -0.1950 -0.4014 1.0216
33.3000 -0.1884 -0.3906 1.0203
33.4000 -0.1817 -0.3797 1.0190
33.5000 -0.1750 -0.3689 1.0178
33.6000 -0.1683 -0.3580 1.0165
33.7000 -0.1616 -0.3472 1.0152
33.8000 -0.1549 -0.3364 1.0139
33.9000 -0.1481 -0.3256 1.0126
34.0000 -0.1414 -0.3148 1.0113
34.1000 -0.1346 -0.3040 1.0100
34.2000 -0.1278 -0.2932 1.0087
34.3000 -0.1210 -0.2824 1.0074
34.4000 -0.1142 -0.2717 1.0061
34.5000 -0.1074 -0.2609 1.0048
34.6000 -0.1005 -0.2502 1.0035
34.7000 -0.0937 -0.2395 1.0022
34.8000 -0.0868 -0.2287 1.0008
34.9000 -0.0799 -0.2180 0.9995
35.0000 -0.0730 -0.2073 0.9982
35.1000 -0.0661 -0.1966 0.9968
35.2000 -0.0592 -0.1859 0.9955
35.3000 -0.0522 -0.1752 0.9942
35.4000 -0.0453 -0.1646 0.9928
35.5000 -0.0383 -0.1539 0.9915
35.6000 -0.0313 -0.1432 0.9901
35.7000 -0.0243 -0.1326 0.9888
35.8000 -0.0173 -0.1220 0.9874
35.9000 -0.0103 -0.1114 0.9860
36.0000 -0.0032 -0.1007 0.9847
36.1000 0.0038 -0.0901 0.9833
36.2000 0.0109 -0.0795 0.9819
36.3000 0.0180 -0.0690 0.9805
36.4000 0.0251 -0.0584 0.9791
36.5000 0.0322 -0.0478 0.9777
36.6000 0.0393 -0.0373 0.9763
36.7000 0.0465 -0.0267 0.9749
36.8000 0.0537 -0.0162 0.9735
36.9000 0.0608 -0.0057 0.9721
37.0000 0.0680 0.0049 0.9707
37.1000 0.0752 0.0154 0.9692
37.2000 0.0824 0.0259 0.9678
37.3000 0.0897 0.0363 0.9664
37.4000 0.0969 0.0468 0.9649
37.5000 0.1042 0.0573 0.9635
37.6000 0.1115 0.0677 0.9620
37.7000 0.1188 0.0782 0.9606
37.8000 0.1261 0.0886 0.9591
37.9000 0.1334 0.0990 0.9576
38.0000 0.1408 0.1094 0.9561
38.1000 0.1481 0.1198 0.9546
38.2000 0.1555 0.1302 0.9531
38.3000 0.1629 0.1406 0.9516
38.4000 0.1703 0.1510 0.9501
38.5000 0.1777 0.1613 0.9486
38.6000 0.1852 0.1717 0.9471
38.7000 0.1926 0.1820 0.9456
38.8000 0.2001 0.1923 0.9440
38.9000 0.2076 0.2026 0.9425
39.0000 0.2151 0.2129 0.9409
39.1000 0.2226 0.2232 0.9393
39.2000 0.2301 0.2335 0.9378
39.3000 0.2377 0.2438 0.9362
39.4000 0.2453 0.2540 0.9346
39.5000 0.2528 0.2642 0.9330
39.6000 0.2604 0.2745 0.9314
39.7000 0.2681 0.2847 0.9298
39.8000 0.2757 0.2949 0.9282
39.9000 0.2834 0.3051 0.9265
40.0000 0.2910 0.3153 0.9249
40.1000 0.2987 0.3254 0.9232
40.2000 0.3064 0.3356 0.9216
40.3000 0.3141 0.3457 0.9199
40.4000 0.3219 0.3559 0.9182
40.5000 0.3296 0.3660 0.9166
40.6000 0.3374 0.3761 0.9151
40.7000 0.3452 0.3862 0.9141
40.8000 0.3530 0.3963 0.9132
40.9000 0.3608 0.4064 0.9127
41.0000 0.3686 0.4165 0.9124
41.1000 0.3764 0.4266 0.9123
41.2000 0.3843 0.4367 0.9123
41.3000 0.3921 0.4469 0.9126
41.4000 0.3999 0.4569 0.9107
41.5000 0.4078 0.4670 0.9105
41.6000 0.4156 0.4771 0.9108
41.7000 0.4234 0.4873 0.9118
41.8000 0.4313 0.4974 0.9132
41.9000 0.4391 0.5075 0.9149
42.0000 0.4468 0.5177 0.9173
42.1000 0.4546 0.5279 0.9200
42.2000 0.4623 0.5380 0.9232
42.3000 0.4700 0.5483 0.9267
42.4000 0.4777 0.5585 0.9304
42.5000 0.4853 0.5688 0.9325
42.6000 0.4929 0.5791 0.9336
42.7000 0.5006 0.5894 0.9339
42.8000 0.5082 0.5997 0.9335
42.9000 0.5158 0.6100 0.9326
43.0000 0.5235 0.6203 0.9310
43.1000 0.5311 0.6306 0.9289
43.2000 0.5388 0.6408 0.9269
43.3000 0.5465 0.6510 0.9250
43.4000 0.5542 0.6613 0.9233
43.5000 0.5620 0.6715 0.9220
43.6000 0.5697 0.6817 0.9210
43.7000 0.5775 0.6919 0.9202
43.8000 0.5853 0.7021 0.9196
43.9000 0.5931 0.7123 0.9191
44.0000 0.6009 0.7225 0.9189
44.1000 0.6087 0.7328 0.9189
44.2000 0.6165 0.7430 0.9191
44.3000 0.6243 0.7532 0.9195
44.4000 0.6320 0.7634 0.9202
44.5000 0.6398 0.7736 0.9214
44.6000 0.6475 0.7838 0.9232
44.7000 0.6552 0.7940 0.9259
44.8000 0.6628 0.8043 0.9299
44.9000 0.6704 0.8145 0.9361
45.0000 0.6778 0.8247 0.9454
45.1000 0.6850 0.8350 0.9604
45.2000 0.6918 0.8452 0.9860
45.3000 0.6980 0.8553 1.0336
45.4000 0.6983 0.8563 1.4834
45.5000 0.6983 0.8564 1.9652
45.6000 0.6974 0.8572 2.3946
45.7000 0.6974 0.8572 2.8797
45.8000 0.6974 0.8572 3.3652
45.9000 0.6963 0.8563 3.8070
46.0000 0.6882 0.8487 3.8876
46.1000 0.6794 0.8400 3.9164
46.2000 0.6707 0.8312 3.9374
46.3000 0.6620 0.8220 3.9527
46.4000 0.6534 0.8128 3.9642
46.5000 0.6448 0.8034 3.9730
46.6000 0.6363 0.7939 3.9798
46.7000 0.6278 0.7844 3.9851
46.8000 0.6193 0.7748 3.9893
46.9000 0.6109 0.7652 3.9924
47.0000 0.6024 0.7555 3.9949
47.1000 0.5940 0.7458 3.9969
47.2000 0.5856 0.7361 3.9984
47.3000 0.5772 0.7264 3.9996
47.4000 0.5688 0.7166 4.0006
47.5000 0.5604 0.7069 4.0014
47.6000 0.5520 0.6971 4.0022
47.7000 0.5436 0.6874 4.0030
47.8000 0.5353 0.6776 4.0037
47.9000 0.5269 0.6679 4.0045
48.0000 0.5186 0.6581 4.0053
48.1000 0.5102 0.6483 4.0060
48.2000 0.5019 0.6385 4.0067
48.3000 0.4936 0.6287 4.0074
48.4000 0.4852 0.6190 4.0080
48.5000 0.4769 0.6092 4.0086
48.6000 0.4686 0.5994 4.0091
48.7000 0.4603 0.5896 4.0095
48.8000 0.4521 0.5798 4.0098
48.9000 0.4438 0.5700 4.0100
49.0000 0.4355 0.5602 4.0103
49.1000 0.4272 0.5504 4.0106
49.2000 0.4190 0.5407 4.0110
49.3000 0.4107 0.5309 4.0115
49.4000 0.4024 0.5211 4.0121
49.5000 0.3942 0.5112 4.0127
49.6000 0.3859 0.5014 4.0135
49.7000 0.3777 0.4916 4.0142
49.8000 0.3694 0.4818 4.0150
49.9000 0.3612 0.4719 4.0158
50.0000 0.3530 0.4621 4.0166
50.1000 0.3448 0.4522 4.0174
50.2000 0.3365 0.4424 4.0182
50.3000 0.3284 0.4325 4.0190
50.4000 0.3202 0.4226 4.0199
50.5000 0.3120 0.4128 4.0207
50.6000 0.3038 0.4029 4.0216
50.7000 0.2957 0.3930 4.0224
50.8000 0.2875 0.3831 4.0233
50.9000 0.2794 0.3732 4.0242
51.0000 0.2712 0.3633 4.0251
51.1000 0.2631 0.3534 4.0260
51.2000 0.2550 0.3435 4.0269
51.3000 0.2469 0.3335 4.0278
51.4000 0.2388 0.3236 4.0287
51.5000 0.2307 0.3137 4.0296
51.6000 0.2226 0.3037 4.0306
51.7000 0.2146 0.2938 4.0315
51.8000 0.2065 0.2838 4.0324
51.9000 0.1985 0.2738 4.0334
52.0000 0.1904 0.2639 4.0343
52.1000 0.1824 0.2539 4.0353
52.2000 0.1744 0.2439 4.0363
52.3000 0.1664 0.2339 4.0373
52.4000 0.1584 0.2239 4.0383
52.5000 0.1504 0.2139 4.0393
52.6000 0.1424 0.2038 4.0403
52.7000 0.1344 0.1938 4.0413
52.8000 0.1265 0.1838 4.0423
52.9000 0.1185 0.1737 4.0433
53.0000 0.1106 0.1637 4.0443
53.1000 0.1027 0.1536 4.0454
53.2000 0.0948 0.1436 4.0464
53.3000 0.0869 0.1335 4.0474
53.4000 0.0790 0.1234 4.0485
53.5000 0.0711 0.1133 4.0495
53.6000 0.0632 0.1032 4.0506
53.7000 0.0554 0.0931 4.0517
53.8000 0.0475 0.0830 4.0528
53.9000 0.0397 0.0729 4.0538
54.0000 0.0319 0.0627 4.0549
54.1000 0.0241 0.0526 4.0560
54.2000 0.0163 0.0424 4.0571
54.3000 0.0085 0.0323 4.0582
54.4000 0.0007 0.0221 4.0593
54.5000 -0.0071 0.0119 4.0604
54.6000 -0.0148 0.0018 4.0616
54.7000 -0.0226 -0.0084 4.0627
54.8000 -0.0303 -0.0186 4.0638
54.9000 -0.0380 -0.0288 4.0650
55.0000 -0.0457 -0.0391 4.0661
55.1000 -0.0534 -0.0493 4.0672
55.2000 -0.0611 -0.0595 4.0684
55.3000 -0.0688 -0.0698 4.0696
55.4000 -0.0765 -0.0800 4.0707
55.5000 -0.0841 -0.0903 4.0719
55.6000 -0.0918 -0.1005 4.0731
55.7000 -0.0994 -0.1108 4.0742
55.8000 -0.1070 -0.1211 4.0754
55.9000 -0.1146 -0.1314 4.0766
56.0000 -0.1222 -0.1417 4.0778
56.1000 -0.1298 -0.1520 4.0790
56.2000 -0.1373 -0.1623 4.0802
56.3000 -0.1449 -0.1727 4.0814
56.4000 -0.1524 -0.1830 4.0826
56.5000 -0.1599 -0.1933 4.0838
56.6000 -0.1674 -0.2037 4.0850
56.7000 -0.1749 -0.2141 4.0863
56.8000 -0.1824 -0.2244 4.0875
56.9000 -0.1899 -0.2348 4.0887
57.0000 -0.1974 -0.2452 4.0900
57.1000 -0.2048 -0.2556 4.0912
57.2000 -0.2123 -0.2660 4.0925
57.3000 -0.2197 -0.2765 4.0937
57.4000 -0.2271 -0.2869 4.0950
57.5000 -0.2345 -0.2973 4.0978
57.6000 -0.2418 -0.3078 4.1007
57.7000 -0.2491 -0.3183 4.1039
57.8000 -0.2564 -0.3288 4.1073
57.9000 -0.2636 -0.3393 4.1109
58.0000 -0.2709 -0.3499 4.1146
58.1000 -0.2780 -0.3605 4.1185
58.2000 -0.2851 -0.3711 4.1226
58.3000 -0.2922 -0.3817 4.1269
58.4000 -0.2992 -0.3924 4.1314
58.5000 -0.3062 -0.4031 4.1361
58.6000 -0.3126 -0.4135 4.1673
58.7000 -0.3186 -0.4241 4.2016
58.8000 -0.3243 -0.4348 4.2368
58.9000 -0.3299 -0.4460 4.2510
59.0000 -0.3354 -0.4573 4.2666
59.1000 -0.3407 -0.4687 4.2829
59.2000 -0.3457 -0.4801 4.2997
59.3000 -0.3506 -0.4916 4.3180
59.4000 -0.3553 -0.5032 4.3358
59.5000 -0.3599 -0.5150 4.3446
59.6000 -0.3644 -0.5269 4.3491
59.7000 -0.3690 -0.5389 4.3514
59.8000 -0.3735 -0.5510 4.3520
59.9000 -0.3780 -0.5630 4.3526
60.0000 -0.3826 -0.5750 4.3532
60.1000 -0.3871 -0.5871 4.3538
60.2000 -0.3916 -0.5991 4.3544
60.3000 -0.3961 -0.6111 4.3550
60.4000 -0.4006 -0.6232 4.3556
60.5000 -0.4051 -0.6352 4.3563
60.6000 -0.4095 -0.6473 4.3569
60.7000 -0.4140 -0.6593 4.3577
60.8000 -0.4185 -0.6714 4.3585
60.9000 -0.4229 -0.6835 4.3594
61.0000 -0.4274 -0.6955 4.3602
61.1000 -0.4318 -0.7076 4.3610
61.2000 -0.4362 -0.7197 4.3617
61.3000 -0.4406 -0.7317 4.3624
61.4000 -0.4450 -0.7438 4.3631
61.5000 -0.4494 -0.7559 4.3638
61.6000 -0.4538 -0.7680 4.3645
61.7000 -0.4582 -0.7800 4.3652
61.8000 -0.4625 -0.7921 4.3660
61.9000 -0.4669 -0.8042 4.3670
62.0000 -0.4712 -0.8163 4.3681
62.1000 -0.4756 -0.8284 4.3694
62.2000 -0.4799 -0.8405 4.3709
62.3000 -0.4841 -0.8526 4.3725
62.4000 -0.4884 -0.8647 4.3744
62.5000 -0.4927 -0.8768 4.3764
62.6000 -0.4969 -0.8889 4.3786
62.7000 -0.5010 -0.9010 4.3811
62.8000 -0.5052 -0.9132 4.3838
62.9000 -0.5093 -0.9253 4.3867
63.0000 -0.5134 -0.9374 4.3900
63.1000 -0.5169 -0.9489 4.4289
63.2000 -0.5199 -0.9603 4.4768
63.3000 -0.5214 -0.9696 4.6139
63.4000 -0.5222 -0.9810 4.6684
63.5000 -0.5222 -0.9916 4.7560
63.6000 -0.5213 -0.9966 5.0398
63.7000 -0.5203 -0.9978 5.4512
63.8000 -0.5202 -0.9979 5.9348
63.9000 -0.5202 -0.9978 0.1363
64.0000 -0.5196 -0.9974 0.5999
64.1000 -0.5195 -0.9972 1.0785
64.2000 -0.5135 -0.9859 1.0809
64.3000 -0.5074 -0.9745 1.0832
64.4000 -0.5014 -0.9632 1.0853
64.5000 -0.4955 -0.9518 1.0873
64.6000 -0.4895 -0.9405 1.0892
64.7000 -0.4836 -0.9291 1.0909
64.8000 -0.4777 -0.9177 1.0925
64.9000 -0.4718 -0.9063 1.0940
65.0000 -0.4659 -0.8949 1.0953
65.1000 -0.4601 -0.8835 1.0965
65.2000 -0.4542 -0.8721 1.0976
65.3000 -0.4484 -0.8607 1.0961
65.4000 -0.4425 -0.8494 1.0947
65.5000 -0.4367 -0.8381 1.0932
65.6000 -0.4308 -0.8267 1.0918
65.7000 -0.4249 -0.8154 1.0903
65.8000 -0.4190 -0.8041 1.0888
65.9000 -0.4131 -0.7928 1.0874
66.0000 -0.4071 -0.7816 1.0859
66.1000 -0.4012 -0.7703 1.0844
66.2000 -0.3952 -0.7590 1.0830
66.3000 -0.3892 -0.7477 1.0815
66.4000 -0.3832 -0.7365 1.0800
66.5000 -0.3772 -0.7253 1.0786
66.6000 -0.3712 -0.7140 1.0771
66.7000 -0.3651 -0.7028 1.0756
66.8000 -0.3590 -0.6916 1.0742
66.9000 -0.3530 -0.6804 1.0727
67.0000 -0.3469 -0.6692 1.0712
67.1000 -0.3407 -0.6580 1.0697
67.2000 -0.3346 -0.6468 1.0682
67.3000 -0.3284 -0.6357 1.0668
67.4000 -0.3223 -0.6245 1.0653
67.5000 -0.3161 -0.6134 1.0638
67.6000 -0.3099 -0.6022 1.0624
67.7000 -0.3037 -0.5911 1.0609
67.8000 -0.2974 -0.5800 1.0594
67.9000 -0.2912 -0.5689 1.0576
68.0000 -0.2849 -0.5578 1.0549
68.1000 -0.2786 -0.5468 1.0511
68.2000 -0.2723 -0.5359 1.0460
68.3000 -0.2660 -0.5250 1.0416
68.4000 -0.2595 -0.5141 1.0377
68.5000 -0.2531 -0.5032 1.0342
68.6000 -0.2466 -0.4923 1.0311
68.7000 -0.2400 -0.4814 1.0285
68.8000 -0.2335 -0.4706 1.0261
68.9000 -0.2269 -0.4597 1.0241
69.0000 -0.2202 -0.4489 1.0225
69.1000 -0.2136 -0.4380 1.0210
69.2000 -0.2069 -0.4272 1.0199
69.3000 -0.2003 -0.4163 1.0187
69.4000 -0.1936 -0.4055 1.0176
69.5000 -0.1869 -0.3947 1.0164
69.6000 -0.1802 -0.3838 1.0152
69.7000 -0.1734 -0.3730 1.0141
69.8000 -0.1667 -0.3622 1.0129
69.9000 -0.1599 -0.3514 1.0117
70.0000 -0.1532 -0.3406 1.0105
70.1000 -0.1464 -0.3299 1.0094
70.2000 -0.1396 -0.3191 1.0082
70.3000 -0.1328 -0.3083 1.0070
70.4000 -0.1260 -0.2976 1.0058
70.5000 -0.1192 -0.2868 1.0046
70.6000 -0.1123 -0.2761 1.0034
70.7000 -0.1055 -0.2654 1.0021
70.8000 -0.0986 -0.2546 1.0009
70.9000 -0.0917 -0.2439 0.9997
71.0000 -0.0848 -0.2332 0.9985
71.1000 -0.0779 -0.2225 0.9972
71.2000 -0.0710 -0.2118 0.9960
71.3000 -0.0641 -0.2011 0.9948
71.4000 -0.0571 -0.1905 0.9935
71.5000 -0.0502 -0.1798 0.9923
71.6000 -0.0432 -0.1692 0.9910
71.7000 -0.0362 -0.1585 0.9897
71.8000 -0.0292 -0.1479 0.9885
71.9000 -0.0222 -0.1372 0.9872
72.0000 -0.0152 -0.1266 0.9859
72.1000 -0.0081 -0.1160 0.9846
72.2000 -0.0011 -0.1054 0.9834
72.3000 0.0060 -0.0948 0.9821
72.4000 0.0131 -0.0842 0.9808
72.5000 0.0202 -0.0737 0.9795
72.6000 0.0273 -0.0631 0.9781
72.7000 0.0344 -0.0526 0.9768
72.8000 0.0415 -0.0420 0.9755
72.9000 0.0487 -0.0315 0.9742
73.0000 0.0559 -0.0209 0.9728
73.1000 0.0630 -0.0104 0.9715
73.2000 0.0702 0.0001 0.9701
73.3000 0.0775 0.0106 0.9688
73.4000 0.0847 0.0211 0.9674
73.5000 0.0919 0.0315 0.9661
73.6000 0.0992 0.0420 0.9647
73.7000 0.1064 0.0525 0.9633
73.8000 0.1137 0.0629 0.9619
73.9000 0.1210 0.0734 0.9605
74.0000 0.1283 0.0838 0.9591
74.1000 0.1356 0.0942 0.9577
74.2000 0.1430 0.1046 0.9563
74.3000 0.1503 0.1150 0.9549
74.4000 0.1577 0.1254 0.9534
74.5000 0.1651 0.1358 0.9520
74.6000 0.1725 0.1462 0.9506
74.7000 0.1799 0.1565 0.9491
74.8000 0.1874 0.1669 0.9476
74.9000 0.1948 0.1772 0.9462
75.0000 0.2023 0.1875 0.9447
75.1000 0.2097 0.1978 0.9432
75.2000 0.2172 0.2081 0.9417
75.3000 0.2247 0.2184 0.9402
75.4000 0.2323 0.2287 0.9387
75.5000 0.2398 0.2390 0.9372
75.6000 0.2474 0.2492 0.9356
75.7000 0.2549 0.2595 0.9341
75.8000 0.2625 0.2697 0.9325
75.9000 0.2701 0.2799 0.9310
76.0000 0.2778 0.2901 0.9294
76.1000 0.2854 0.3003 0.9278
76.2000 0.2930 0.3105 0.9262
76.3000 0.3007 0.3207 0.9246
76.4000 0.3084 0.3309 0.9230
76.5000 0.3161 0.3410 0.9214
76.6000 0.3238 0.3512 0.9197
76.7000 0.3316 0.3613 0.9181
76.8000 0.3393 0.3714 0.9169
76.9000 0.3471 0.3815 0.9160
77.0000 0.3549 0.3916 0.9154
77.1000 0.3627 0.4018 0.9150
77.2000 0.3705 0.4119 0.9147
77.3000 0.3783 0.4220 0.9148
77.4000 0.3861 0.4322 0.9150
77.5000 0.3938 0.4423 0.9153
77.6000 0.4016 0.4524 0.9135
77.7000 0.4095 0.4625 0.9116
77.8000 0.4173 0.4726 0.9122
77.9000 0.4251 0.4827 0.9133
78.0000 0.4329 0.4929 0.9151
78.1000 0.4407 0.5030 0.9172
78.2000 0.4484 0.5132 0.9200
78.3000 0.4561 0.5234 0.9231
78.4000 0.4638 0.5336 0.9264
78.5000 0.4715 0.5438 0.9303
78.6000 0.4791 0.5541 0.9344
78.7000 0.4867 0.5644 0.9370
78.8000 0.4942 0.5748 0.9384
78.9000 0.5018 0.5851 0.9389
79.0000 0.5094 0.5955 0.9387
79.1000 0.5170 0.6058 0.9379
79.2000 0.5246 0.6161 0.9366
79.3000 0.5322 0.6264 0.9345
79.4000 0.5398 0.6367 0.9325
79.5000 0.5474 0.6470 0.9304
79.6000 0.5551 0.6572 0.9287
79.7000 0.5628 0.6675 0.9273
79.8000 0.5705 0.6778 0.9262
79.9000 0.5782 0.6880 0.9253
80.0000 0.5860 0.6983 0.9246
80.1000 0.5937 0.7085 0.9241
80.2000 0.6014 0.7188 0.9239
80.3000 0.6092 0.7290 0.9238
80.4000 0.6169 0.7393 0.9239
80.5000 0.6247 0.7495 0.9242
80.6000 0.6324 0.7598 0.9249
80.7000 0.6401 0.7700 0.9259
80.8000 0.6478 0.7803 0.9275
80.9000 0.6554 0.7905 0.9299
81.0000 0.6630 0.8008 0.9335
81.1000 0.6706 0.8110 0.9388
81.2000 0.6780 0.8213 0.9470
81.3000 0.6852 0.8316 0.9599
81.4000 0.6921 0.8419 0.9818
81.5000 0.6985 0.8520 1.0211
81.6000 0.7036 0.8617 1.1067
81.7000 0.7037 0.8619 1.5823
81.8000 0.7037 0.8620 2.0663
81.9000 0.7025 0.8629 2.4852
82.0000 0.7025 0.8629 2.9708
82.1000 0.7025 0.8629 3.4564
82.2000 0.7008 0.8612 3.8689
82.3000 0.6922 0.8529 3.9104
82.4000 0.6836 0.8440 3.9372
82.5000 0.6750 0.8350 3.9561
82.6000 0.6665 0.8257 3.9702
82.7000 0.6580 0.8163 3.9808
82.8000 0.6496 0.8067 3.9890
82.9000 0.6412 0.7971 3.9955
83.0000 0.6328 0.7875 4.0003
83.1000 0.6245 0.7777 4.0040
83.2000 0.6162 0.7680 4.0071
83.3000 0.6079 0.7582 4.0095
83.4000 0.5996 0.7484 4.0113
83.5000 0.5913 0.7385 4.0127
83.6000 0.5831 0.7287 4.0138
83.7000 0.5748 0.7188 4.0147
83.8000 0.5665 0.7090 4.0154
83.9000 0.5583 0.6991 4.0162
84.0000 0.5500 0.6892 4.0171
84.1000 0.5418 0.6794 4.0178
84.2000 0.5336 0.6695 4.0185
84.3000 0.5254 0.6596 4.0193
84.4000 0.5172 0.6497 4.0200
84.5000 0.5090 0.6398 4.0207
84.6000 0.5008 0.6299 4.0213
84.7000 0.4926 0.6200 4.0219
84.8000 0.4844 0.6101 4.0225
84.9000 0.4763 0.6002 4.0230
85.0000 0.4681 0.5903 4.0235
85.1000 0.4599 0.5804 4.0238
85.2000 0.4518 0.5705 4.0241
85.3000 0.4437 0.5606 4.0242
85.4000 0.4355 0.5507 4.0244
85.5000 0.4274 0.5408 4.0247
85.6000 0.4193 0.5309 4.0251
85.7000 0.4111 0.5209 4.0256
85.8000 0.4030 0.5110 4.0262
85.9000 0.3949 0.5011 4.0268
86.0000 0.3868 0.4912 4.0275
0.0000 0.0000 0.0000 0.0000
0.1000 0.0007 0.0005 0.4548
0.2000 0.0057 0.0050 0.7014
0.3000 0.0129 0.0122 0.7895
0.4000 0.0201 0.0202 0.8369
0.5000 0.0272 0.0285 0.8657
0.6000 0.0342 0.0370 0.8839
0.7000 0.0412 0.0457 0.8956
0.8000 0.0480 0.0543 0.9031
0.9000 0.0548 0.0630 0.9078
1.0000 0.0616 0.0718 0.9106
1.1000 0.0684 0.0805 0.9121
1.2000 0.0751 0.0893 0.9128
1.3000 0.0819 0.0980 0.9128
1.4000 0.0887 0.1068 0.9124
1.5000 0.0955 0.1156 0.9117
1.6000 0.1023 0.1243 0.9108
1.7000 0.1091 0.1331 0.9098
1.8000 0.1159 0.1418 0.9087
1.9000 0.1227 0.1506 0.9074
2.0000 0.1296 0.1593 0.9062
2.1000 0.1364 0.1680 0.9049
2.2000 0.1433 0.1767 0.9035
2.3000 0.1502 0.1855 0.9021
2.4000 0.1571 0.1942 0.9007
2.5000 0.1640 0.2029 0.8993
2.6000 0.1709 0.2116 0.8979
2.7000 0.1779 0.2203 0.8965
2.8000 0.1848 0.2290 0.8950
2.9000 0.1918 0.2376 0.8936
3.0000 0.1988 0.2463 0.8921
3.1000 0.2058 0.2550 0.8906
3.2000 0.2128 0.2636 0.8891
3.3000 0.2199 0.2723 0.8876
3.4000 0.2269 0.2809 0.8860
3.5000 0.2340 0.2895 0.8845
3.6000 0.2411 0.2982 0.8829
3.7000 0.2482 0.3068 0.8814
3.8000 0.2553 0.3154 0.8798
3.9000 0.2624 0.3240 0.8782
4.0000 0.2696 0.3326 0.8766
4.1000 0.2767 0.3412 0.8749
4.2000 0.2839 0.3497 0.8733
4.3000 0.2911 0.3583 0.8716
4.4000 0.2983 0.3669 0.8699
4.5000 0.3056 0.3754 0.8683
4.6000 0.3128 0.3839 0.8665
4.7000 0.3201 0.3925 0.8648
4.8000 0.3274 0.4010 0.8631
4.9000 0.3347 0.4095 0.8601
5.0000 0.3420 0.4179 0.8563
5.1000 0.3494 0.4264 0.8521
5.2000 0.3568 0.4348 0.8470
5.3000 0.3642 0.4431 0.8418
5.4000 0.3717 0.4514 0.8360
5.5000 0.3793 0.4597 0.8304
5.6000 0.3868 0.4679 0.8260
5.7000 0.3944 0.4762 0.8313
5.8000 0.4020 0.4845 0.8344
5.9000 0.4096 0.4930 0.8404
6.0000 0.4172 0.5016 0.8488
6.1000 0.4247 0.5104 0.8587
6.2000 0.4323 0.5193 0.8694
6.3000 0.4398 0.5283 0.8804
6.4000 0.4473 0.5376 0.8916
6.5000 0.4547 0.5469 0.9026
6.6000 0.4620 0.5564 0.9136
6.7000 0.4693 0.5660 0.9237
6.8000 0.4765 0.5756 0.9271
6.9000 0.4837 0.5851 0.9250
7.0000 0.4908 0.5945 0.9174
7.1000 0.4979 0.6036 0.9047
7.2000 0.5052 0.6126 0.8900
7.3000 0.5125 0.6213 0.8721
7.4000 0.5199 0.6299 0.8547
7.5000 0.5275 0.6382 0.8363
7.6000 0.5351 0.6464 0.8199
7.7000 0.5429 0.6546 0.8072
7.8000 0.5508 0.6627 0.7972
7.9000 0.5588 0.6707 0.7892
8.0000 0.5668 0.6787 0.7826
8.1000 0.5749 0.6866 0.7770
8.2000 0.5830 0.6945 0.7721
8.3000 0.5911 0.7024 0.7677
8.4000 0.5994 0.7103 0.7636
8.5000 0.6078 0.7183 0.7594
8.6000 0.6164 0.7264 0.7553
8.7000 0.6251 0.7345 0.7514
8.8000 0.6337 0.7425 0.7476
8.9000 0.6422 0.7502 0.7442
9.0000 0.6505 0.7579 0.7410
9.1000 0.6590 0.7656 0.7377
9.2000 0.6674 0.7732 0.7343
9.3000 0.6759 0.7808 0.7307
9.4000 0.6844 0.7883 0.7271
9.5000 0.6929 0.7958 0.7233
9.6000 0.7015 0.8033 0.7194
9.7000 0.7100 0.8108 0.7154
9.8000 0.7187 0.8182 0.7112
9.9000 0.7273 0.8256 0.7070
10.0000 0.7360 0.8330 0.7025
10.1000 0.7448 0.8403 0.6980
10.2000 0.7535 0.8476 0.6932
10.3000 0.7624 0.8548 0.6883
10.4000 0.7712 0.8620 0.6832
10.5000 0.7801 0.8692 0.6779
10.6000 0.7890 0.8763 0.6724
10.7000 0.7980 0.8833 0.6666
10.8000 0.8070 0.8903 0.6606
10.9000 0.8161 0.8973 0.6543
11.0000 0.8252 0.9041 0.6476
11.1000 0.8344 0.9110 0.6406
11.2000 0.8436 0.9177 0.6332
11.3000 0.8528 0.9244 0.6254
11.4000 0.8622 0.9310 0.6170
11.5000 0.8716 0.9375 0.6080
11.6000 0.8810 0.9439 0.5984
11.7000 0.8905 0.9502 0.5880
11.8000 0.9001 0.9564 0.5766
11.9000 0.9098 0.9625 0.5642
12.0000 0.9195 0.9685 0.5503
12.1000 0.9294 0.9742 0.5347
12.2000 0.9393 0.9798 0.5170
12.3000 0.9493 0.9852 0.4962
12.4000 0.9594 0.9902 0.4713
12.5000 0.9696 0.9949 0.4400
12.6000 0.9799 0.9991 0.3978
12.7000 0.9901 1.0028 0.3638
12.8000 0.9927 1.0050 0.6773
12.9000 0.9933 1.0061 1.1177
13.0000 0.9939 1.0085 1.4972
13.1000 0.9937 1.0007 1.5867
13.2000 0.9931 1.0033 1.9575
13.3000 0.9960 0.9975 2.0766
13.4000 0.9943 0.9989 2.4575
13.5000 0.9970 0.9979 2.6987
13.6000 0.9965 0.9978 3.0517
13.7000 1.0054 0.9977 3.1044
13.8000 0.9944 0.9987 3.0735
13.9000 1.0056 0.9979 3.0750
14.0000 0.9944 0.9995 3.0279
14.1000 1.0057 0.9982 3.0292
14.2000 0.9943 0.9998 3.0087
14.3000 1.0057 0.9983 3.0098
14.4000 0.9943 1.0000 2.9999
14.5000 1.0057 0.9984 3.0010
14.6000 0.9943 1.0001 2.9966
14.7000 1.0057 0.9984 2.9976
14.8000 0.9943 1.0001 2.9961
14.9000 1.0057 0.9985 2.9972
15.0000 0.9943 1.0001 2.9972
15.1000 1.0057 0.9985 2.9982
15.2000 0.9944 1.0001 2.9989
15.3000 1.0058 0.9985 2.9999
15.4000 0.9944 1.0001 3.0010
15.5000 1.0058 0.9985 3.0020
15.6000 0.9944 1.0001 3.0032
15.7000 1.0059 0.9985 3.0043
15.8000 0.9945 1.0000 3.0056
15.9000 1.0059 0.9985 3.0066
16.0000 0.9945 1.0000 3.0079
16.1000 1.0059 0.9985 3.0089
16.2000 0.9945 1.0000 3.0102
16.3000 1.0060 0.9985 3.0113
16.4000 0.9946 1.0000 3.0125
16.5000 1.0060 0.9985 3.0136
16.6000 0.9946 1.0000 3.0148
16.7000 1.0060 0.9985 3.0159
16.8000 0.9946 0.9999 3.0171
16.9000 1.0060 0.9985 3.0181
17.0000 0.9946 0.9999 3.0193
17.1000 1.0061 0.9985 3.0204
17.2000 0.9947 0.9999 3.0216
17.3000 1.0061 0.9986 3.0226
17.4000 0.9947 0.9999 3.0238
17.5000 1.0061 0.9986 3.0248
17.6000 0.9947 0.9999 3.0260
17.7000 1.0061 0.9986 3.0270
17.8000 0.9947 0.9999 3.0281
17.9000 1.0061 0.9986 3.0292
18.0000 0.9947 0.9999 3.0303
18.1000 1.0061 0.9986 3.0313
18.2000 0.9947 0.9998 3.0324
18.3000 1.0062 0.9986 3.0335
18.4000 0.9947 0.9998 3.0346
18.5000 1.0062 0.9986 3.0356
18.6000 0.9947 0.9998 3.0367
18.7000 1.0062 0.9986 3.0377
18.8000 0.9947 0.9998 3.0388
18.9000 1.0062 0.9986 3.0399
19.0000 0.9948 0.9998 3.0409
19.1000 1.0062 0.9986 3.0420
19.2000 0.9948 0.9998 3.0430
19.3000 1.0062 0.9987 3.0441
19.4000 0.9948 0.9998 3.0451
19.5000 1.0062 0.9987 3.0461
19.6000 0.9948 0.9997 3.0472
19.7000 1.0062 0.9987 3.0482
19.8000 0.9948 0.9997 3.0492
19.9000 1.0062 0.9987 3.0503
20.0000 0.9948 0.9997 3.0513
20.1000 1.0062 0.9987 3.0524
20.2000 0.9948 0.9997 3.0534
20.3000 1.0062 0.9987 3.0544
20.4000 0.9948 0.9997 3.0554
20.5000 1.0063 0.9987 3.0565
20.6000 0.9948 0.9997 3.0575
20.7000 1.0063 0.9987 3.0586
20.8000 0.9948 0.9997 3.0595
20.9000 1.0063 0.9988 3.0606
21.0000 0.9948 0.9997 3.0616
21.1000 1.0063 0.9988 3.0627
21.2000 0.9948 0.9997 3.0636
21.3000 1.0063 0.9988 3.0647
21.4000 0.9948 0.9996 3.0657
21.5000 1.0063 0.9988 3.0668
21.6000 0.9948 0.9996 3.0677
21.7000 1.0063 0.9988 3.0688
21.8000 0.9948 0.9996 3.0698
21.9000 1.0063 0.9988 3.0708
22.0000 0.9948 0.9996 3.0718
22.1000 1.0063 0.9988 3.0729
22.2000 0.9948 0.9996 3.0739
22.3000 1.0063 0.9988 3.0749
22.4000 0.9948 0.9996 3.0759
22.5000 1.0063 0.9989 3.0770
22.6000 0.9948 0.9996 3.0779
22.7000 1.0063 0.9989 3.0790
22.8000 0.9948 0.9996 3.0800
22.9000 1.0063 0.9989 3.0810
23.0000 0.9948 0.9996 3.0820
23.1000 1.0063 0.9989 3.0831
23.2000 0.9948 0.9995 3.0840
23.3000 1.0063 0.9989 3.0851
23.4000 0.9948 0.9995 3.0861
23.5000 1.0063 0.9989 3.0871
23.6000 0.9948 0.9995 3.0881
23.7000 1.0063 0.9989 3.0892
23.8000 0.9948 0.9995 3.0901
23.9000 1.0063 0.9989 3.0912
24.0000 0.9948 0.9995 3.0922
24.1000 1.0063 0.9990 3.0932
24.2000 0.9948 0.9995 3.0942
24.3000 1.0063 0.9990 3.0953
24.4000 0.9948 0.9995 3.0962
24.5000 1.0063 0.9990 3.0973
24.6000 0.9948 0.9995 3.0983
24.7000 1.0063 0.9990 3.0993
24.8000 0.9948 0.9995 3.1003
24.9000 1.0063 0.9990 3.1013
25.0000 0.9948 0.9995 3.1023
25.1000 1.0063 0.9990 3.1034
25.2000 0.9948 0.9994 3.1043
25.3000 1.0063 0.9990 3.1054
25.4000 0.9948 0.9994 3.1064
25.5000 1.0063 0.9990 3.1074
25.6000 0.9948 0.9994 3.1084
25.7000 1.0063 0.9991 3.1095
25.8000 0.9948 0.9994 3.1104
25.9000 1.0063 0.9991 3.1115
26.0000 0.9948 0.9994 3.1124
26.1000 1.0063 0.9991 3.1135
26.2000 0.9948 0.9994 3.1145
26.3000 1.0063 0.9991 3.1155
26.4000 0.9948 0.9994 3.1165
26.5000 1.0063 0.9991 3.1176
26.6000 0.9948 0.9994 3.1185
26.7000 1.0063 0.9991 3.1196
26.8000 0.9949 0.9994 3.1206
26.9000 1.0063 0.9991 3.1216
27.0000 0.9949 0.9993 3.1226
27.1000 1.0063 0.9991 3.1237
27.2000 0.9949 0.9993 3.1246
27.3000 1.0063 0.9992 3.1257
27.4000 0.9949 0.9993 3.1266
27.5000 1.0064 0.9992 3.1277
27.6000 0.9949 0.9993 3.1287
27.7000 1.0064 0.9992 3.1297
27.8000 0.9949 0.9993 3.1307
27.9000 1.0064 0.9992 3.1318
28.0000 0.9949 0.9993 3.1327
28.1000 1.0064 0.9992 3.1338
28.2000 0.9949 0.9993 3.1347
28.3000 1.0064 0.9992 3.1358
28.4000 0.9949 0.9993 3.1368
28.5000 1.0064 0.9992 3.1378
28.6000 0.9949 0.9993 3.1388
28.7000 1.0064 0.9993 3.1399
28.8000 0.9949 0.9993 3.1408
0.0000 0.0000 0.0000 0.0000
0.1000 0.0043 0.0020 0.3149
0.2000 0.0108 0.0062 0.5199
0.3000 0.0185 0.0123 0.6455
0.4000 0.0268 0.0192 0.6942
0.5000 0.0350 0.0264 0.7174
0.6000 0.0431 0.0337 0.7287
0.7000 0.0512 0.0410 0.7343
0.8000 0.0592 0.0482 0.7371
0.9000 0.0672 0.0555 0.7387
1.0000 0.0752 0.0629 0.7397
1.1000 0.0832 0.0702 0.7403
1.2000 0.0912 0.0775 0.7409
1.3000 0.0992 0.0848 0.7414
1.4000 0.1072 0.0921 0.7419
1.5000 0.1152 0.0995 0.7423
1.6000 0.1232 0.1068 0.7428
1.7000 0.1312 0.1141 0.7432
1.8000 0.1392 0.1215 0.7437
1.9000 0.1472 0.1288 0.7441
2.0000 0.1552 0.1362 0.7446
2.1000 0.1631 0.1436 0.7451
2.2000 0.1711 0.1509 0.7455
2.3000 0.1791 0.1583 0.7460
2.4000 0.1871 0.1657 0.7465
2.5000 0.1951 0.1731 0.7470
2.6000 0.2030 0.1805 0.7475
2.7000 0.2110 0.1879 0.7480
2.8000 0.2190 0.1953 0.7485
2.9000 0.2270 0.2027 0.7490
3.0000 0.2349 0.2101 0.7495
3.1000 0.2429 0.2175 0.7500
3.2000 0.2509 0.2250 0.7505
3.3000 0.2588 0.2324 0.7510
3.4000 0.2668 0.2398 0.7516
3.5000 0.2748 0.2473 0.7521
3.6000 0.2827 0.2547 0.7526
3.7000 0.2907 0.2622 0.7532
3.8000 0.2986 0.2697 0.7537
3.9000 0.3066 0.2771 0.7543
4.0000 0.3145 0.2846 0.7548
4.1000 0.3225 0.2921 0.7554
4.2000 0.3304 0.2996 0.7560
4.3000 0.3384 0.3071 0.7566
4.4000 0.3463 0.3146 0.7572
4.5000 0.3542 0.3221 0.7578
4.6000 0.3622 0.3296 0.7585
4.7000 0.3699 0.3367 0.7431
4.8000 0.3777 0.3437 0.7357
4.9000 0.3855 0.3507 0.7301
5.0000 0.3932 0.3576 0.7249
5.1000 0.4009 0.3644 0.7198
5.2000 0.4086 0.3711 0.7163
5.3000 0.4163 0.3777 0.7119
5.4000 0.4240 0.3842 0.7088
5.5000 0.4316 0.3907 0.7045
5.6000 0.4391 0.3970 0.7000
5.7000 0.4466 0.4033 0.6972
5.8000 0.4541 0.4095 0.6931
5.9000 0.4615 0.4157 0.6906
6.0000 0.4689 0.4217 0.6866
6.1000 0.4762 0.4277 0.6842
6.2000 0.4835 0.4336 0.6804
6.3000 0.4907 0.4394 0.6782
6.4000 0.4962 0.4432 0.6197
6.5000 0.5035 0.4490 0.6718
6.6000 0.5083 0.4523 0.5968
6.7000 0.5137 0.4563 0.6378
6.8000 0.5185 0.4596 0.6047
6.9000 0.5233 0.4630 0.6212
7.0000 0.5277 0.4660 0.6009
7.1000 0.5320 0.4691 0.6117
7.2000 0.5361 0.4718 0.5985
7.3000 0.5401 0.4747 0.6130
7.4000 0.5443 0.4777 0.6194
7.5000 0.5485 0.4807 0.6250
7.6000 0.5528 0.4839 0.6360
7.7000 0.5573 0.4873 0.6478
7.8000 0.5620 0.4909 0.6591
7.9000 0.5679 0.4964 0.7377
8.0000 0.5737 0.5015 0.7231
8.1000 0.5797 0.5069 0.7315
8.2000 0.5858 0.5124 0.7359
8.3000 0.5920 0.5180 0.7412
8.4000 0.5982 0.5238 0.7450
8.5000 0.6046 0.5297 0.7503
8.6000 0.6110 0.5358 0.7554
8.7000 0.6175 0.5420 0.7605
8.8000 0.6241 0.5484 0.7656
8.9000 0.6308 0.5548 0.7707
9.0000 0.6391 0.5621 0.7206
9.1000 0.6481 0.5695 0.6930
9.2000 0.6574 0.5770 0.6775
9.3000 0.6670 0.5848 0.6798
9.4000 0.6767 0.5926 0.6842
9.5000 0.6862 0.6005 0.6899
9.6000 0.6956 0.6084 0.6976
9.7000 0.7050 0.6164 0.7073
9.8000 0.7142 0.6245 0.7180
9.9000 0.7233 0.6326 0.7304
10.0000 0.7322 0.6408 0.7444
10.1000 0.7409 0.6491 0.7585
10.2000 0.7495 0.6575 0.7737
10.3000 0.7579 0.6660 0.7886
10.4000 0.7662 0.6747 0.8051
10.5000 0.7744 0.6835 0.8226
10.6000 0.7825 0.6924 0.8393
10.7000 0.7906 0.7016 0.8426
10.8000 0.7988 0.7108 0.8477
10.9000 0.8069 0.7201 0.8540
11.0000 0.8149 0.7295 0.8624
11.1000 0.8229 0.7389 0.8690
11.2000 0.8309 0.7485 0.8746
11.3000 0.8389 0.7582 0.8794
11.4000 0.8469 0.7679 0.8836
11.5000 0.8544 0.7766 0.8622
11.6000 0.8620 0.7853 0.8490
11.7000 0.8698 0.7940 0.8409
11.8000 0.8782 0.8034 0.8382
11.9000 0.8867 0.8127 0.8362
12.0000 0.8952 0.8221 0.8349
12.1000 0.9037 0.8315 0.8340
12.2000 0.9123 0.8409 0.8336
12.3000 0.9208 0.8504 0.8345
12.4000 0.9294 0.8599 0.8381
12.5000 0.9377 0.8693 0.8515
12.6000 0.9458 0.8789 0.8645
12.7000 0.9538 0.8886 0.8808
12.8000 0.9616 0.8983 0.9006
12.9000 0.9691 0.9082 0.9233
13.0000 0.9763 0.9181 0.9488
13.1000 0.9832 0.9283 0.9786
13.2000 0.9897 0.9385 1.0128
13.3000 0.9957 0.9489 1.0530
13.4000 1.0012 0.9593 1.1004
13.5000 1.0060 0.9698 1.1604
13.6000 1.0098 0.9800 1.2449
13.7000 1.0122 0.9893 1.3801
13.8000 1.0131 0.9978 1.5485
13.9000 1.0126 1.0061 1.7163
14.0000 1.0108 1.0131 1.9082
14.1000 1.0082 1.0181 2.0994
14.2000 1.0044 1.0250 2.0741
14.3000 1.0043 1.0253 1.7789
14.4000 1.0050 1.0204 1.6333
14.5000 1.0050 1.0158 1.5068
14.6000 1.0044 1.0115 1.3972
14.7000 1.0035 1.0075 1.3009
14.8000 1.0012 0.9999 1.2543
14.9000 1.0020 1.0050 1.5471
15.0000 1.0016 1.0004 1.4032
15.1000 1.0021 1.0080 1.5874
15.2000 1.0020 1.0037 1.4652
15.3000 1.0011 0.9991 1.3155
15.4000 1.0027 1.0080 1.4700
15.5000 1.0020 1.0040 1.3647
15.6000 1.0009 0.9999 1.2466
15.7000 1.0017 1.0048 1.5449
15.8000 1.0013 1.0006 1.4108
15.9000 1.0018 1.0072 1.5836
16.0000 1.0016 1.0031 1.4657
16.1000 1.0008 0.9986 1.3194
16.2000 1.0027 1.0085 1.4325
16.3000 1.0020 1.0048 1.3434
16.4000 1.0009 1.0011 1.2545
16.5000 0.9979 0.9932 1.1754
16.6000 1.0025 1.0044 1.1846
16.7000 0.9992 0.9968 1.1508
16.8000 1.0038 1.0078 1.1822
16.9000 0.9993 0.9966 1.1824
17.0000 1.0036 1.0078 1.2130
17.1000 1.0006 1.0002 1.1900
17.2000 1.0002 0.9987 1.3406
17.3000 1.0027 1.0104 1.3792
17.4000 1.0020 1.0073 1.3258
17.5000 1.0001 1.0000 1.3129
17.6000 1.0016 1.0088 1.4701
17.7000 1.0012 1.0054 1.4083
17.8000 1.0006 1.0023 1.3568
17.9000 0.9998 0.9992 1.3103
18.0000 1.0031 1.0114 1.3099
18.1000 1.0011 1.0042 1.3011
18.2000 0.9991 0.9971 1.2947
18.3000 1.0026 1.0091 1.2864
18.4000 1.0005 1.0019 1.2805
18.5000 0.9984 0.9949 1.2851
18.6000 1.0020 1.0069 1.2759
18.7000 0.9998 0.9997 1.2723
18.8000 1.0027 1.0061 1.0771
18.9000 0.9971 0.9956 1.0859
19.0000 1.0026 1.0051 1.0341
19.1000 0.9966 0.9948 1.0418
19.2000 1.0007 1.0005 0.9258
19.3000 0.9933 0.9908 0.9181
19.4000 0.9983 0.9971 0.8997
19.5000 1.0028 1.0040 1.0123
19.6000 0.9964 0.9938 1.0139
19.7000 1.0008 1.0008 1.0091
19.8000 0.9943 0.9906 1.0032
19.9000 0.9988 0.9974 0.9882
20.0000 1.0026 1.0046 1.1169
20.1000 0.9973 0.9938 1.1176
20.2000 1.0026 1.0046 1.1159
20.3000 0.9974 0.9938 1.1166
20.4000 1.0027 1.0047 1.1153
20.5000 0.9974 0.9939 1.1159
20.6000 1.0027 1.0047 1.1149
20.7000 0.9974 0.9939 1.1155
20.8000 1.0027 1.0047 1.1147
20.9000 0.9974 0.9939 1.1154
21.0000 1.0027 1.0048 1.1148
21.1000 0.9974 0.9940 1.1154
21.2000 1.0028 1.0048 1.1150
21.3000 0.9975 0.9940 1.1157
21.4000 1.0028 1.0049 1.1155
21.5000 0.9975 0.9941 1.1161
21.6000 1.0028 1.0049 1.1161
21.7000 0.9975 0.9941 1.1168
21.8000 1.0028 1.0050 1.1170
21.9000 0.9976 0.9942 1.1177
22.0000 1.0028 1.0050 1.1180
22.1000 0.9976 0.9942 1.1187
22.2000 1.0029 1.0051 1.1192
22.3000 0.9976 0.9942 1.1199
22.4000 1.0029 1.0051 1.1205
22.5000 0.9976 0.9943 1.1213
22.6000 1.0029 1.0052 1.1221
22.7000 0.9977 0.9943 1.1229
22.8000 1.0029 1.0052 1.1238
22.9000 0.9977 0.9944 1.1246
23.0000 1.0029 1.0053 1.1256
23.1000 0.9978 0.9944 1.1265
23.2000 1.0029 1.0054 1.1277
23.3000 0.9978 0.9945 1.1286
23.4000 1.0030 1.0054 1.1299
23.5000 0.9978 0.9945 1.1308
23.6000 1.0030 1.0055 1.1323
23.7000 0.9979 0.9946 1.1333
23.8000 1.0030 1.0056 1.1349
23.9000 0.9979 0.9947 1.1359
24.0000 1.0030 1.0057 1.1375
24.1000 0.9980 0.9947 1.1385
24.2000 1.0030 1.0058 1.1404
24.3000 0.9980 0.9948 1.1415
24.4000 1.0031 1.0059 1.1436
24.5000 0.9981 0.9949 1.1447
24.6000 1.0031 1.0060 1.1472
24.7000 0.9982 0.9951 1.1483
24.8000 1.0031 1.0061 1.1512
24.9000 0.9982 0.9952 1.1524
25.0000 1.0032 1.0063 1.1556
25.1000 0.9983 0.9953 1.1569
25.2000 1.0032 1.0064 1.1606
25.3000 0.9984 0.9954 1.1620
25.4000 1.0032 1.0066 1.1662
25.5000 0.9985 0.9955 1.1675
0.0000 0.0000 0.0000 0.0000
0.1000 -0.0067 -0.0005 0.0479
0.2000 -0.0121 -0.0015 0.1389
0.3000 -0.0149 -0.0026 0.3177
0.4000 -0.0140 -0.0019 0.6245
0.5000 -0.0118 0.0011 0.9774
0.6000 -0.0103 0.0049 1.3241
0.7000 -0.0101 0.0086 1.6678
0.8000 -0.0113 0.0132 1.9501
0.9000 -0.0148 0.0195 2.1329
1.0000 -0.0204 0.0270 2.2302
1.1000 -0.0271 0.0350 2.2715
1.2000 -0.0342 0.0430 2.2914
1.3000 -0.0414 0.0511 2.3011
1.4000 -0.0486 0.0591 2.3060
1.5000 -0.0559 0.0671 2.3084
1.6000 -0.0632 0.0751 2.3098
1.7000 -0.0705 0.0831 2.3107
1.8000 -0.0778 0.0911 2.3114
1.9000 -0.0851 0.0991 2.3119
2.0000 -0.0924 0.1071 2.3124
2.1000 -0.0997 0.1151 2.3129
2.2000 -0.1071 0.1231 2.3133
2.3000 -0.1144 0.1311 2.3138
2.4000 -0.1218 0.1391 2.3142
2.5000 -0.1291 0.1470 2.3147
2.6000 -0.1365 0.1550 2.3152
2.7000 -0.1438 0.1630 2.3156
2.8000 -0.1512 0.1710 2.3161
2.9000 -0.1586 0.1790 2.3166
3.0000 -0.1659 0.1869 2.3171
3.1000 -0.1733 0.1949 2.3175
3.2000 -0.1807 0.2029 2.3180
3.3000 -0.1881 0.2109 2.3185
3.4000 -0.1955 0.2188 2.3190
3.5000 -0.2029 0.2268 2.3195
3.6000 -0.2103 0.2348 2.3200
3.7000 -0.2177 0.2427 2.3206
3.8000 -0.2252 0.2507 2.3211
3.9000 -0.2326 0.2587 2.3216
4.0000 -0.2400 0.2666 2.3221
4.1000 -0.2475 0.2746 2.3227
4.2000 -0.2549 0.2825 2.3232
4.3000 -0.2624 0.2905 2.3237
4.4000 -0.2698 0.2985 2.3243
4.5000 -0.2773 0.3064 2.3249
4.6000 -0.2848 0.3143 2.3254
4.7000 -0.2922 0.3223 2.3260
4.8000 -0.2997 0.3302 2.3266
4.9000 -0.3072 0.3382 2.3271
5.0000 -0.3147 0.3461 2.3277
5.1000 -0.3222 0.3540 2.3283
5.2000 -0.3297 0.3620 2.3289
5.3000 -0.3372 0.3699 2.3295
5.4000 -0.3448 0.3778 2.3301
5.5000 -0.3523 0.3858 2.3308
5.6000 -0.3598 0.3937 2.3314
5.7000 -0.3674 0.4016 2.3320
5.8000 -0.3749 0.4095 2.3327
5.9000 -0.3825 0.4174 2.3333
6.0000 -0.3901 0.4253 2.3340
6.1000 -0.3976 0.4332 2.3347
6.2000 -0.4052 0.4411 2.3354
6.3000 -0.4128 0.4490 2.3360
6.4000 -0.4204 0.4569 2.3367
6.5000 -0.4280 0.4648 2.3374
6.6000 -0.4356 0.4727 2.3386
6.7000 -0.4435 0.4807 2.3446
6.8000 -0.4515 0.4889 2.3523
6.9000 -0.4598 0.4970 2.3598
7.0000 -0.4682 0.5053 2.3677
7.1000 -0.4768 0.5136 2.3754
7.2000 -0.4855 0.5219 2.3831
7.3000 -0.4945 0.5302 2.3904
7.4000 -0.5035 0.5385 2.3974
7.5000 -0.5127 0.5468 2.4040
7.6000 -0.5220 0.5552 2.4102
7.7000 -0.5314 0.5635 2.4159
7.8000 -0.5408 0.5718 2.4212
7.9000 -0.5504 0.5801 2.4259
8.0000 -0.5600 0.5884 2.4303
8.1000 -0.5696 0.5966 2.4342
8.2000 -0.5493 0.5431 2.4379
8.3000 -0.5588 0.5512 2.4345
8.4000 -0.5683 0.5594 2.4337
8.5000 -0.5779 0.5676 2.4342
8.6000 -0.5876 0.5758 2.4353
8.7000 -0.5973 0.5841 2.4368
8.8000 -0.5496 0.5363 2.4384
8.9000 -0.5590 0.5444 2.4309
9.0000 -0.5684 0.5526 2.4278
9.1000 -0.5779 0.5608 2.4271
9.2000 -0.5875 0.5691 2.4275
9.3000 -0.5971 0.5774 2.4286
9.4000 -0.5488 0.5429 2.4301
9.5000 -0.5582 0.5511 2.4278
9.6000 -0.5677 0.5593 2.4276
9.7000 -0.5773 0.5676 2.4286
9.8000 -0.5869 0.5758 2.4301
9.9000 -0.5965 0.5841 2.4319
10.0000 -0.5472 0.5362 2.4338
10.1000 -0.5566 0.5443 2.4274
10.2000 -0.5660 0.5525 2.4254
10.3000 -0.5755 0.5608 2.4252
10.4000 -0.5851 0.5691 2.4260
10.5000 -0.5947 0.5774 2.4274
10.6000 -0.5415 0.5429 2.4290
10.7000 -0.5510 0.5510 2.4277
10.8000 -0.5605 0.5593 2.4283
10.9000 -0.5700 0.5675 2.4298
11.0000 -0.5796 0.5758 2.4317
11.1000 -0.5893 0.5840 2.4338
11.2000 -0.5990 0.5923 2.4359
11.3000 -0.5009 0.4599 2.4380
11.4000 -0.5077 0.4671 2.3288
11.5000 -0.5152 0.4755 2.3034
11.6000 -0.5230 0.4841 2.3016
11.7000 -0.5309 0.4929 2.3049
11.8000 -0.5390 0.5018 2.3100
11.9000 -0.5473 0.5108 2.3158
12.0000 -0.5556 0.5197 2.3220
12.1000 -0.5641 0.5287 2.3281
12.2000 -0.5727 0.5377 2.3339
12.3000 -0.5814 0.5467 2.3395
12.4000 -0.5902 0.5557 2.3447
12.5000 -0.5990 0.5646 2.3495
12.6000 -0.5525 0.5550 2.3539
0.0000 0.0000 0.0000 0.0000
0.1000 -0.0122 0.0000 6.2815
0.2000 -0.0245 0.0001 6.2800
0.3000 -0.0367 0.0001 6.2787
0.4000 -0.0490 0.0002 6.2775
0.5000 -0.0612 0.0003 6.2765
0.6000 -0.0735 0.0004 6.2757
0.7000 -0.0857 0.0005 6.2752
0.8000 -0.0980 0.0006 6.2748
0.9000 -0.1102 0.0007 6.2747
1.0000 -0.1225 0.0008 6.2748
1.1000 -0.1347 0.0009 6.2752
1.2000 -0.1470 0.0010 6.2758
1.3000 -0.1592 0.0011 6.2767
1.4000 -0.1715 0.0011 6.2779
1.5000 -0.1837 0.0012 6.2794
1.6000 -0.1960 0.0012 6.2813
1.7000 -0.2082 0.0012 0.0003
1.8000 -0.2205 0.0011 0.0028
1.9000 -0.2327 0.0010 0.0057
2.0000 -0.2449 0.0009 0.0091
2.1000 -0.2572 0.0007 0.0129
2.2000 -0.2694 0.0005 0.0171
2.3000 -0.2816 0.0002 0.0218
2.4000 -0.2938 -0.0002 0.0270
2.5000 -0.3060 -0.0006 0.0328
2.6000 -0.3182 -0.0011 0.0391
2.7000 -0.3304 -0.0017 0.0461
2.8000 -0.3426 -0.0024 0.0538
2.9000 -0.3547 -0.0032 0.0621
3.0000 -0.3669 -0.0042 0.0713
3.1000 -0.3790 -0.0052 0.0812
3.2000 -0.3911 -0.0064 0.0921
3.3000 -0.4032 -0.0077 0.1039
3.4000 -0.4152 -0.0092 0.1168
3.5000 -0.4272 -0.0109 0.1308
3.6000 -0.4392 -0.0127 0.1461
3.7000 -0.4511 -0.0148 0.1628
3.8000 -0.4629 -0.0170 0.1809
3.9000 -0.4747 -0.0196 0.2008
4.0000 -0.4863 -0.0223 0.2225
4.1000 -0.4979 -0.0254 0.2463
4.2000 -0.5094 -0.0287 0.2724
4.3000 -0.5207 -0.0324 0.3012
4.4000 -0.5318 -0.0364 0.3331
4.5000 -0.5428 -0.0408 0.3684
4.6000 -0.5535 -0.0456 0.4078
4.7000 -0.5638 -0.0508 0.4530
4.8000 -0.5734 -0.0565 0.5200
4.9000 -0.5814 -0.0625 0.6300
5.0000 -0.5865 -0.0682 0.8347
5.1000 -0.5876 -0.0703 1.2052
5.2000 -0.5875 -0.0698 1.6396
5.3000 -0.5883 -0.0672 1.9974
5.4000 -0.5925 -0.0579 1.9994
5.5000 -0.5968 -0.0485 1.9997
5.6000 -0.6010 -0.0392 1.9994
5.7000 -0.6053 -0.0299 1.9989
5.8000 -0.6095 -0.0206 1.9984
5.9000 -0.6138 -0.0112 1.9978
6.0000 -0.6180 -0.0018 1.9973
6.1000 -0.6223 0.0075 1.9967
6.2000 -0.6265 0.0169 1.9961
6.3000 -0.6308 0.0263 1.9955
6.4000 -0.6350 0.0357 1.9949
6.5000 -0.6393 0.0451 1.9893
6.6000 -0.6434 0.0546 1.9833
6.7000 -0.6476 0.0641 1.9772
6.8000 -0.6516 0.0737 1.9674
6.9000 -0.6556 0.0830 1.9841
7.0000 -0.6598 0.0924 1.9890
7.1000 -0.6640 0.1019 1.9902
7.2000 -0.6682 0.1113 1.9902
7.3000 -0.6726 0.1213 1.9786
7.4000 -0.6769 0.1314 1.9705
7.5000 -0.6812 0.1417 1.9640
7.6000 -0.6854 0.1520 1.9582
7.7000 -0.6896 0.1624 1.9539
7.8000 -0.6938 0.1729 1.9493
7.9000 -0.6980 0.1834 1.9447
8.0000 -0.7021 0.1941 1.9409
8.1000 -0.7062 0.2048 1.9368
8.2000 -0.7103 0.2156 1.9333
8.3000 -0.7144 0.2264 1.9294
8.4000 -0.7184 0.2371 1.9317
8.5000 -0.7223 0.2471 1.9469
8.6000 -0.7263 0.2568 1.9640
8.7000 -0.7303 0.2663 1.9774
8.8000 -0.7345 0.2759 1.9821
8.9000 -0.7387 0.2855 1.9832
9.0000 -0.7429 0.2950 1.9830
9.1000 -0.7470 0.3046 1.9824
9.2000 -0.7512 0.3143 1.9817
9.3000 -0.7554 0.3239 1.9808
9.4000 -0.7596 0.3335 1.9799
9.5000 -0.7638 0.3431 1.9790
9.6000 -0.7679 0.3528 1.9781
9.7000 -0.7721 0.3624 1.9781
9.8000 -0.7763 0.3720 1.9891
9.9000 -0.7806 0.3814 2.0039
10.0000 -0.7850 0.3907 2.0197
10.1000 -0.7896 0.4000 2.0356
10.2000 -0.7944 0.4093 2.0514
10.3000 -0.7993 0.4185 2.0668
10.4000 -0.8044 0.4276 2.0789
10.5000 -0.8096 0.4367 2.0926
10.6000 -0.8149 0.4457 2.1066
10.7000 -0.8202 0.4550 2.0882
10.8000 -0.8255 0.4644 2.0731
10.9000 -0.8305 0.4739 2.0595
11.0000 -0.8355 0.4834 2.0466
11.1000 -0.8402 0.4930 2.0235
11.2000 -0.8448 0.5026 2.0084
11.3000 -0.8491 0.5122 1.9915
11.4000 -0.8533 0.5219 1.9741
11.5000 -0.8573 0.5315 1.9566
11.6000 -0.8611 0.5412 1.9409
11.7000 -0.8647 0.5508 1.9261
11.8000 -0.8679 0.5604 1.8608
11.9000 -0.8708 0.5692 1.9138
12.0000 -0.8739 0.5788 1.8480
12.1000 -0.8765 0.5886 1.8283
12.2000 -0.8790 0.5983 1.8256
12.3000 -0.8816 0.6079 1.8273
12.4000 -0.8841 0.6176 1.8300
12.5000 -0.8867 0.6273 1.8329
12.6000 -0.8893 0.6370 1.8358
12.7000 -0.8920 0.6467 1.8387
12.8000 -0.8947 0.6564 1.8416
12.9000 -0.8974 0.6662 1.8445
13.0000 -0.9001 0.6759 1.8473
13.1000 -0.9029 0.6857 1.8500
13.2000 -0.9057 0.6954 1.8528
13.3000 -0.9086 0.7052 1.8554
13.4000 -0.9117 0.7146 1.9105
13.5000 -0.9153 0.7246 1.9245
13.6000 -0.9190 0.7346 1.9284
13.7000 -0.9228 0.7446 1.9286
13.8000 -0.9264 0.7541 1.9409
13.9000 -0.9301 0.7637 1.9412
14.0000 -0.9339 0.7735 1.9376
14.1000 -0.9376 0.7832 1.9333
14.2000 -0.9413 0.7931 1.9281
14.3000 -0.9450 0.8030 1.9225
14.4000 -0.9486 0.8130 1.9168
14.5000 -0.9522 0.8231 1.9108
14.6000 -0.9557 0.8332 1.9047
14.7000 -0.9592 0.8434 1.8984
14.8000 -0.9627 0.8537 1.8920
14.9000 -0.9661 0.8640 1.8863
15.0000 -0.9694 0.8743 1.8808
15.1000 -0.9727 0.8846 1.8753
15.2000 -0.9759 0.8950 1.8693
15.3000 -0.9790 0.9054 1.8628
15.4000 -0.9821 0.9158 1.8557
15.5000 -0.9851 0.9263 1.8475
15.6000 -0.9881 0.9368 1.8382
15.7000 -0.9909 0.9473 1.8272
15.8000 -0.9936 0.9579 1.8139
15.9000 -0.9961 0.9686 1.7970
16.0000 -0.9984 0.9793 1.7738
16.1000 -1.0004 0.9900 1.7378
16.2000 -1.0017 1.0003 1.6579
16.3000 -1.0022 1.0020 1.9609
16.4000 -0.9984 0.9932 1.9920
16.5000 -1.0024 1.0033 1.9271
16.6000 -0.9986 0.9933 1.9389
16.7000 -1.0022 1.0036 1.8881
16.8000 -0.9987 0.9932 1.8963
16.9000 -1.0020 1.0037 1.8557
17.0000 -0.9988 0.9931 1.8622
17.1000 -1.0018 1.0037 1.8294
17.2000 -0.9989 0.9930 1.8350
17.3000 -1.0016 1.0036 1.8086
17.4000 -0.9990 0.9928 1.8136
17.5000 -1.0015 1.0035 1.7925
17.6000 -0.9990 0.9926 1.7973
17.7000 -1.0014 1.0033 1.7806
17.8000 -0.9990 0.9924 1.7853
17.9000 -1.0013 1.0031 1.7723
18.0000 -0.9990 0.9922 1.7773
18.1000 -1.0012 1.0029 1.7672
18.2000 -0.9990 0.9921 1.7725
18.3000 -1.0011 1.0028 1.7646
18.4000 -0.9990 0.9919 1.7705
18.5000 -1.0011 1.0026 1.7641
18.6000 -0.9989 0.9918 1.7706
18.7000 -1.0011 1.0025 1.7652
18.8000 -0.9989 0.9917 1.7723
18.9000 -1.0011 1.0024 1.7673
19.0000 -0.9989 0.9917 1.7749
19.1000 -1.0011 1.0023 1.7701
19.2000 -0.9988 0.9916 1.7781
19.3000 -1.0011 1.0023 1.7731
19.4000 -0.9988 0.9916 1.7814
19.5000 -1.0011 1.0023 1.7762
19.6000 -0.9988 0.9916 1.7847
19.7000 -1.0011 1.0023 1.7792
19.8000 -0.9988 0.9916 1.7878
19.9000 -1.0011 1.0023 1.7821
20.0000 -0.9988 0.9917 1.7906
20.1000 -1.0011 1.0023 1.7848
20.2000 -0.9987 0.9917 1.7933
20.3000 -1.0011 1.0023 1.7875
20.4000 -0.9987 0.9917 1.7959
20.5000 -1.0011 1.0023 1.7900
20.6000 -0.9987 0.9917 1.7984
20.7000 -1.0011 1.0023 1.7925
20.8000 -0.9987 0.9917 1.8009
20.9000 -1.0011 1.0023 1.7950
21.0000 -0.9987 0.9917 1.8034
21.1000 -1.0011 1.0023 1.7975
21.2000 -0.9986 0.9917 1.8059
21.3000 -1.0011 1.0023 1.8001
21.4000 -0.9986 0.9917 1.8084
21.5000 -1.0011 1.0023 1.8027
21.6000 -0.9986 0.9917 1.8110
0.0000 0.0000 0.0000 0.0000
0.1000 0.0032 0.0010 0.2044
0.2000 0.0017 0.0002 0.3947
0.3000 -0.0025 -0.0024 0.5354
0.4000 -0.0077 -0.0065 0.6404
0.5000 -0.0135 -0.0116 0.7209
0.6000 -0.0195 -0.0177 0.7845
0.7000 -0.0256 -0.0243 0.8362
0.8000 -0.0316 -0.0316 0.8791
0.9000 -0.0376 -0.0392 0.9154
1.0000 -0.0434 -0.0473 0.9466
1.1000 -0.0492 -0.0556 0.9736
1.2000 -0.0548 -0.0643 0.9974
1.3000 -0.0603 -0.0731 1.0183
1.4000 -0.0657 -0.0822 1.0369
1.5000 -0.0710 -0.0915 1.0535
1.6000 -0.0763 -0.1009 1.0684
1.7000 -0.0814 -0.1104 1.0819
1.8000 -0.0864 -0.1201 1.0940
1.9000 -0.0914 -0.1299 1.1050
2.0000 -0.0963 -0.1398 1.1149
2.1000 -0.1011 -0.1498 1.1240
2.2000 -0.1059 -0.1599 1.1322
2.3000 -0.1106 -0.1701 1.1397
2.4000 -0.1152 -0.1803 1.1464
2.5000 -0.1198 -0.1906 1.1526
2.6000 -0.1244 -0.2010 1.1582
2.7000 -0.1289 -0.2114 1.1633
2.8000 -0.1334 -0.2219 1.1679
2.9000 -0.1379 -0.2324 1.1720
3.0000 -0.1423 -0.2430 1.1757
3.1000 -0.1467 -0.2536 1.1791
3.2000 -0.1511 -0.2643 1.1821
3.3000 -0.1554 -0.2750 1.1847
3.4000 -0.1598 -0.2857 1.1870
3.5000 -0.1641 -0.2965 1.1890
3.6000 -0.1684 -0.3073 1.1908
3.7000 -0.1727 -0.3181 1.1922
3.8000 -0.1771 -0.3290 1.1934
3.9000 -0.1814 -0.3398 1.1944
4.0000 -0.1857 -0.3507 1.1952
4.1000 -0.1900 -0.3617 1.1957
4.2000 -0.1943 -0.3726 1.1969
4.3000 -0.1985 -0.3835 1.1994
4.4000 -0.2027 -0.3944 1.2035
4.5000 -0.2069 -0.4052 1.2095
4.6000 -0.2108 -0.4158 1.2112
4.7000 -0.2148 -0.4263 1.2134
4.8000 -0.2186 -0.4367 1.2151
4.9000 -0.2224 -0.4469 1.2173
5.0000 -0.2262 -0.4571 1.2188
5.1000 -0.2298 -0.4671 1.2210
5.2000 -0.2334 -0.4770 1.2243
5.3000 -0.2369 -0.4867 1.2272
5.4000 -0.2403 -0.4963 1.2316
5.5000 -0.2436 -0.5057 1.2383
5.6000 -0.2467 -0.5148 1.2464
5.7000 -0.2496 -0.5237 1.2592
5.8000 -0.2524 -0.5331 1.3005
5.9000 -0.2545 -0.5425 1.3871
6.0000 -0.2552 -0.5497 1.5563
6.1000 -0.2548 -0.5523 1.8621
6.2000 -0.2552 -0.5517 2.2921
6.3000 -0.2558 -0.5516 2.7490
6.4000 -0.2568 -0.5518 3.1931
6.5000 -0.2656 -0.5542 3.3390
6.6000 -0.2766 -0.5573 3.3908
6.7000 -0.2880 -0.5608 3.4235
6.8000 -0.2994 -0.5645 3.4476
6.9000 -0.3107 -0.5685 3.4695
7.0000 -0.3220 -0.5726 3.4897
7.1000 -0.3332 -0.5770 3.5084
7.2000 -0.3444 -0.5816 3.5262
7.3000 -0.3555 -0.5864 3.5432
7.4000 -0.3663 -0.5913 3.5618
7.5000 -0.3768 -0.5963 3.5809
7.6000 -0.3869 -0.6014 3.5989
7.7000 -0.3969 -0.6065 3.6111
7.8000 -0.4069 -0.6117 3.6189
7.9000 -0.4170 -0.6170 3.6240
8.0000 -0.4271 -0.6224 3.6277
8.1000 -0.4372 -0.6278 3.6303
8.2000 -0.4474 -0.6332 3.6324
8.3000 -0.4576 -0.6387 3.6341
8.4000 -0.4679 -0.6442 3.6356
8.5000 -0.4782 -0.6498 3.6371
8.6000 -0.4885 -0.6554 3.6384
8.7000 -0.4992 -0.6612 3.6389
8.8000 -0.5098 -0.6670 3.6397
8.9000 -0.5204 -0.6728 3.6406
9.0000 -0.5311 -0.6786 3.6418
9.1000 -0.5417 -0.6844 3.6431
9.2000 -0.5523 -0.6903 3.6446
9.3000 -0.5629 -0.6961 3.6463
9.4000 -0.5735 -0.7020 3.6480
9.5000 -0.5841 -0.7079 3.6498
9.6000 -0.5947 -0.7139 3.6518
9.7000 -0.6052 -0.7198 3.6538
9.8000 -0.6158 -0.7258 3.6560
9.9000 -0.6264 -0.7318 3.6582
10.0000 -0.6369 -0.7378 3.6605
10.1000 -0.6474 -0.7439 3.6629
10.2000 -0.6579 -0.7500 3.6654
10.3000 -0.6684 -0.7561 3.6679
10.4000 -0.6789 -0.7622 3.6706
10.5000 -0.6894 -0.7684 3.6733
10.6000 -0.6999 -0.7746 3.6762
10.7000 -0.7103 -0.7808 3.6791
10.8000 -0.7207 -0.7871 3.6821
10.9000 -0.7311 -0.7934 3.6853
11.0000 -0.7415 -0.7997 3.6886
11.1000 -0.7519 -0.8061 3.6920
11.2000 -0.7622 -0.8125 3.6955
11.3000 -0.7725 -0.8189 3.6992
11.4000 -0.7828 -0.8254 3.7030
11.5000 -0.7931 -0.8320 3.7070
11.6000 -0.8034 -0.8385 3.7112
11.7000 -0.8136 -0.8452 3.7156
11.8000 -0.8238 -0.8518 3.7202
11.9000 -0.8340 -0.8586 3.7250
12.0000 -0.8441 -0.8653 3.7301
12.1000 -0.8542 -0.8722 3.7355
12.2000 -0.8643 -0.8791 3.7413
12.3000 -0.8743 -0.8860 3.7474
12.4000 -0.8843 -0.8931 3.7540
12.5000 -0.8942 -0.9002 3.7610
12.6000 -0.9041 -0.9073 3.7687
12.7000 -0.9139 -0.9146 3.7770
12.8000 -0.9237 -0.9220 3.7862
12.9000 -0.9333 -0.9294 3.7964
13.0000 -0.9429 -0.9370 3.8079
13.1000 -0.9524 -0.9447 3.8211
13.2000 -0.9618 -0.9525 3.8365
13.3000 -0.9710 -0.9605 3.8551
13.4000 -0.9800 -0.9687 3.8786
13.5000 -0.9886 -0.9770 3.9110
13.6000 -0.9965 -0.9855 3.9676
13.7000 -1.0016 -0.9930 4.1327
13.8000 -1.0023 -0.9949 4.5499
13.9000 -1.0026 -1.0014 4.7899
14.0000 -1.0027 -1.0009 5.2150
14.1000 -1.0022 -1.0013 5.6706
14.2000 -1.0014 -1.0012 6.1198
14.3000 -1.0003 -1.0007 0.2793
14.4000 -0.9993 -0.9998 0.7230
14.5000 -1.0083 -1.0078 0.7265
14.6000 -0.9992 -0.9999 0.7134
14.7000 -1.0081 -1.0078 0.7273
14.8000 -0.9990 -0.9999 0.7176
14.9000 -1.0078 -1.0078 0.7332
15.0000 -0.9987 -0.9998 0.7262
15.1000 -1.0077 -1.0079 0.7316
15.2000 -0.9986 -0.9998 0.7262
15.3000 -1.0075 -1.0078 0.7356
15.4000 -0.9985 -0.9997 0.7317
15.5000 -1.0074 -1.0078 0.7365
15.6000 -0.9984 -0.9997 0.7336
15.7000 -1.0073 -1.0078 0.7380
15.8000 -0.9983 -0.9997 0.7360
15.9000 -1.0073 -1.0078 0.7394
16.0000 -0.9982 -0.9997 0.7379
16.1000 -1.0072 -1.0078 0.7406
16.2000 -0.9982 -0.9996 0.7395
16.3000 -1.0072 -1.0078 0.7416
16.4000 -0.9982 -0.9996 0.7409
16.5000 -1.0071 -1.0078 0.7425
16.6000 -0.9981 -0.9996 0.7420
16.7000 -1.0071 -1.0078 0.7433
16.8000 -0.9981 -0.9996 0.7430
16.9000 -1.0071 -1.0078 0.7440
17.0000 -0.9981 -0.9996 0.7438
17.1000 -1.0071 -1.0078 0.7447
17.2000 -0.9981 -0.9996 0.7445
17.3000 -1.0071 -1.0078 0.7453
17.4000 -0.9981 -0.9996 0.7452
17.5000 -1.0070 -1.0078 0.7458
17.6000 -0.9981 -0.9996 0.7458
17.7000 -1.0070 -1.0078 0.7463
17.8000 -0.9981 -0.9996 0.7463
17.9000 -1.0070 -1.0078 0.7468
18.0000 -0.9981 -0.9996 0.7468
18.1000 -1.0070 -1.0079 0.7472
18.2000 -0.9981 -0.9996 0.7473
18.3000 -1.0070 -1.0079 0.7477
18.4000 -0.9981 -0.9996 0.7477
18.5000 -1.0070 -1.0079 0.7481
18.6000 -0.9981 -0.9996 0.7482
18.7000 -1.0070 -1.0079 0.7485
18.8000 -0.9981 -0.9996 0.7486
18.9000 -1.0070 -1.0079 0.7490
19.0000 -0.9981 -0.9996 0.7490
19.1000 -1.0070 -1.0079 0.7494
19.2000 -0.9981 -0.9996 0.7494
19.3000 -1.0070 -1.0079 0.7498
19.4000 -0.9981 -0.9996 0.7499
19.5000 -1.0070 -1.0079 0.7502
19.6000 -0.9981 -0.9996 0.7503
19.7000 -1.0070 -1.0079 0.7506
19.8000 -0.9981 -0.9996 0.7507
19.9000 -1.0070 -1.0079 0.7510
20.0000 -0.9981 -0.9996 0.7511
20.1000 -1.0070 -1.0079 0.7514
20.2000 -0.9981 -0.9996 0.7515
20.3000 -1.0070 -1.0079 0.7519
20.4000 -0.9981 -0.9996 0.7519
20.5000 -1.0070 -1.0079 0.7523
20.6000 -0.9981 -0.9996 0.7523
20.7000 -1.0070 -1.0079 0.7527
20.8000 -0.9981 -0.9996 0.7527
20.9000 -1.0070 -1.0079 0.7531
21.0000 -0.9981 -0.9996 0.7532
21.1000 -1.0070 -1.0079 0.7535
21.2000 -0.9981 -0.9996 0.7536
21.3000 -1.0070 -1.0079 0.7539
21.4000 -0.9981 -0.9996 0.7540
21.5000 -1.0070 -1.0079 0.7543
21.6000 -0.9981 -0.9995 0.7544
21.7000 -1.0070 -1.0079 0.7547
21.8000 -0.9981 -0.9995 0.7548
21.9000 -1.0070 -1.0079 0.7551
22.0000 -0.9981 -0.9995 0.7552
22.1000 -1.0070 -1.0079 0.7555
22.2000 -0.9981 -0.9995 0.7556
22.3000 -1.0070 -1.0079 0.7560
22.4000 -0.9981 -0.9995 0.7560
22.5000 -1.0069 -1.0079 0.7564
22.6000 -0.9981 -0.9995 0.7564
22.7000 -1.0069 -1.0079 0.7568
22.8000 -0.9981 -0.9995 0.7569
22.9000 -1.0069 -1.0079 0.7572
23.0000 -0.9981 -0.9995 0.7573
23.1000 -1.0069 -1.0079 0.7576
23.2000 -0.9981 -0.9995 0.7577
23.3000 -1.0069 -1.0079 0.7580
23.4000 -0.9981 -0.9995 0.7581
0.0000 0.0000 0.0000 0.0000
0.1000 -0.0121 0.0005 6.2550
0.2000 -0.0243 0.0014 6.2278
0.3000 -0.0364 0.0025 6.2016
0.4000 -0.0486 0.0040 6.1766
0.5000 -0.0608 0.0057 6.1526
0.6000 -0.0729 0.0077 6.1286
0.7000 -0.0849 0.0101 6.1040
0.8000 -0.0969 0.0127 6.0790
0.9000 -0.1089 0.0156 6.0538
1.0000 -0.1207 0.0188 6.0284
1.1000 -0.1325 0.0224 6.0032
1.2000 -0.1442 0.0262 5.9783
1.3000 -0.1558 0.0303 5.9540
1.4000 -0.1674 0.0346 5.9305
1.5000 -0.1787 0.0393 5.9041
1.6000 -0.1899 0.0443 5.8737
1.7000 -0.2008 0.0496 5.8381
1.8000 -0.2113 0.0553 5.7956
1.9000 -0.2213 0.0615 5.7444
2.0000 -0.2307 0.0682 5.6823
2.1000 -0.2395 0.0753 5.6077
2.2000 -0.2474 0.0830 5.5203
2.3000 -0.2545 0.0911 5.4203
2.4000 -0.2604 0.0996 5.3057
2.5000 -0.2650 0.1082 5.1652
2.6000 -0.2677 0.1160 4.9735
2.7000 -0.2684 0.1216 4.6960
2.8000 -0.2676 0.1298 4.5246
2.9000 -0.2651 0.1403 4.4521
3.0000 -0.2619 0.1512 4.4030
3.1000 -0.2580 0.1623 4.3649
3.2000 -0.2538 0.1734 4.3331
3.3000 -0.2491 0.1845 4.3055
3.4000 -0.2441 0.1956 4.2807
3.5000 -0.2389 0.2065 4.2580
3.6000 -0.2333 0.2174 4.2368
3.7000 -0.2276 0.2282 4.2166
3.8000 -0.2216 0.2389 4.1965
3.9000 -0.2154 0.2495 4.1759
4.0000 -0.2090 0.2598 4.1544
4.1000 -0.2024 0.2700 4.1317
4.2000 -0.1955 0.2800 4.1076
4.3000 -0.1885 0.2898 4.0816
4.4000 -0.1812 0.2992 4.0531
4.5000 -0.1737 0.3084 4.0214
4.6000 -0.1659 0.3172 3.9855
4.7000 -0.1577 0.3258 3.9554
4.8000 -0.1492 0.3344 3.9303
4.9000 -0.1405 0.3428 3.9087
5.0000 -0.1315 0.3512 3.8894
5.1000 -0.1223 0.3594 3.8719
5.2000 -0.1130 0.3675 3.8558
5.3000 -0.1035 0.3754 3.8408
5.4000 -0.0938 0.3833 3.8265
5.5000 -0.0841 0.3910 3.8130
5.6000 -0.0742 0.3986 3.8000
5.7000 -0.0642 0.4061 3.7874
5.8000 -0.0542 0.4135 3.7752
5.9000 -0.0440 0.4207 3.7633
6.0000 -0.0337 0.4279 3.7516
6.1000 -0.0234 0.4349 3.7402
6.2000 -0.0130 0.4418 3.7289
6.3000 -0.0024 0.4486 3.7178
6.4000 0.0082 0.4553 3.7068
6.5000 0.0188 0.4618 3.6958
6.6000 0.0296 0.4683 3.6850
6.7000 0.0404 0.4746 3.6742
6.8000 0.0513 0.4809 3.6635
6.9000 0.0622 0.4870 3.6528
7.0000 0.0732 0.4930 3.6422
7.1000 0.0843 0.4988 3.6315
7.2000 0.0955 0.5046 3.6209
7.3000 0.1067 0.5102 3.6102
7.4000 0.1180 0.5157 3.5996
7.5000 0.1293 0.5211 3.5889
7.6000 0.1407 0.5264 3.5781
7.7000 0.1521 0.5315 3.5673
7.8000 0.1636 0.5365 3.5563
7.9000 0.1751 0.5414 3.5453
8.0000 0.1868 0.5461 3.5341
8.1000 0.1984 0.5508 3.5229
8.2000 0.2101 0.5552 3.5115
8.3000 0.2219 0.5596 3.4999
8.4000 0.2337 0.5638 3.4882
8.5000 0.2455 0.5678 3.4763
8.6000 0.2574 0.5717 3.4642
8.7000 0.2693 0.5755 3.4518
8.8000 0.2813 0.5791 3.4392
8.9000 0.2933 0.5826 3.4263
9.0000 0.3053 0.5858 3.4131
9.1000 0.3174 0.5889 3.3995
9.2000 0.3295 0.5919 3.3855
9.3000 0.3417 0.5946 3.3710
9.4000 0.3539 0.5972 3.3559
9.5000 0.3661 0.5996 3.3402
9.6000 0.3783 0.6017 3.3238
9.7000 0.3905 0.6036 3.3064
9.8000 0.4028 0.6053 3.2879
9.9000 0.4150 0.6068 3.2681
10.0000 0.4272 0.6079 3.2467
10.1000 0.4394 0.6088 3.2231
10.2000 0.4516 0.6093 3.1966
10.3000 0.4636 0.6094 3.1645
10.4000 0.4755 0.6090 3.1280
10.5000 0.4875 0.6082 3.0932
10.6000 0.4994 0.6070 3.0577
10.7000 0.5112 0.6053 3.0182
10.8000 0.5225 0.6030 2.9653
10.9000 0.5330 0.5999 2.8863
11.0000 0.5416 0.5957 2.7437
11.1000 0.5461 0.5918 2.4531
11.2000 0.5472 0.5900 2.0344
11.3000 0.5503 0.5816 1.8649
11.4000 0.5523 0.5724 1.7246
11.5000 0.5535 0.5619 1.6366
11.6000 0.5537 0.5510 1.5589
11.7000 0.5532 0.5406 1.4700
11.8000 0.5516 0.5303 1.3818
11.9000 0.5492 0.5195 1.3171
12.0000 0.5460 0.5082 1.2793
12.1000 0.5423 0.4963 1.2673
12.2000 0.5385 0.4843 1.2553
12.3000 0.5345 0.4725 1.2433
12.4000 0.5304 0.4606 1.2311
12.5000 0.5261 0.4489 1.2189
12.6000 0.5217 0.4372 1.2065
12.7000 0.5172 0.4255 1.1940
12.8000 0.5125 0.4140 1.1813
12.9000 0.5076 0.4023 1.1744
13.0000 0.5027 0.3906 1.1675
13.1000 0.4977 0.3790 1.1605
13.2000 0.4926 0.3674 1.1536
13.3000 0.4874 0.3558 1.1466
13.4000 0.4821 0.3443 1.1396
13.5000 0.4768 0.3329 1.1324
13.6000 0.4713 0.3214 1.1251
13.7000 0.4658 0.3100 1.1178
13.8000 0.4602 0.2987 1.1105
13.9000 0.4546 0.2874 1.1040
14.0000 0.4488 0.2761 1.0972
14.1000 0.4430 0.2648 1.0903
14.2000 0.4371 0.2536 1.0833
14.3000 0.4311 0.2425 1.0748
14.4000 0.4251 0.2316 1.0624
14.5000 0.4189 0.2208 1.0500
14.6000 0.4126 0.2100 1.0375
14.7000 0.4061 0.1993 1.0251
14.8000 0.3995 0.1887 1.0126
14.9000 0.3928 0.1782 1.0001
15.0000 0.3860 0.1678 0.9876
15.1000 0.3790 0.1574 0.9751
15.2000 0.3719 0.1472 0.9626
15.3000 0.3647 0.1370 0.9503
15.4000 0.3573 0.1269 0.9379
15.5000 0.3498 0.1169 0.9257
15.6000 0.3422 0.1070 0.9135
15.7000 0.3345 0.0972 0.9013
15.8000 0.3266 0.0875 0.8892
15.9000 0.3186 0.0779 0.8772
16.0000 0.3105 0.0684 0.8652
16.1000 0.3023 0.0590 0.8533
16.2000 0.2940 0.0497 0.8414
16.3000 0.2856 0.0404 0.8296
16.4000 0.2771 0.0313 0.8178
16.5000 0.2684 0.0223 0.8061
16.6000 0.2597 0.0134 0.7944
16.7000 0.2508 0.0046 0.7827
16.8000 0.2418 -0.0041 0.7711
16.9000 0.2328 -0.0128 0.7595
17.0000 0.2236 -0.0213 0.7480
17.1000 0.2143 -0.0296 0.7364
17.2000 0.2050 -0.0379 0.7250
17.3000 0.1955 -0.0461 0.7135
17.4000 0.1859 -0.0542 0.7020
17.5000 0.1763 -0.0621 0.6906
17.6000 0.1665 -0.0700 0.6792
17.7000 0.1567 -0.0777 0.6678
17.8000 0.1468 -0.0853 0.6565
17.9000 0.1368 -0.0928 0.6451
18.0000 0.1267 -0.1002 0.6338
18.1000 0.1165 -0.1075 0.6224
18.2000 0.1062 -0.1147 0.6111
18.3000 0.0959 -0.1217 0.5998
18.4000 0.0855 -0.1286 0.5884
18.5000 0.0750 -0.1354 0.5771
18.6000 0.0644 -0.1421 0.5655
18.7000 0.0537 -0.1487 0.5538
18.8000 0.0430 -0.1551 0.5420
18.9000 0.0322 -0.1614 0.5300
19.0000 0.0213 -0.1675 0.5178
19.1000 0.0104 -0.1735 0.5054
19.2000 -0.0006 -0.1794 0.4929
19.3000 -0.0117 -0.1851 0.4801
19.4000 -0.0229 -0.1907 0.4670
19.5000 -0.0341 -0.1961 0.4537
19.6000 -0.0454 -0.2014 0.4401
19.7000 -0.0567 -0.2065 0.4262
19.8000 -0.0682 -0.2114 0.4120
19.9000 -0.0796 -0.2161 0.3975
20.0000 -0.0912 -0.2207 0.3826
20.1000 -0.1028 -0.2251 0.3672
20.2000 -0.1145 -0.2293 0.3514
20.3000 -0.1262 -0.2333 0.3351
20.4000 -0.1380 -0.2371 0.3183
20.5000 -0.1498 -0.2407 0.3009
20.6000 -0.1617 -0.2440 0.2829
20.7000 -0.1736 -0.2471 0.2642
20.8000 -0.1856 -0.2500 0.2447
20.9000 -0.1976 -0.2527 0.2244
21.0000 -0.2096 -0.2550 0.2033
21.1000 -0.2217 -0.2571 0.1812
21.2000 -0.2338 -0.2589 0.1581
21.3000 -0.2459 -0.2604 0.1337
21.4000 -0.2578 -0.2614 0.1021
21.5000 -0.2696 -0.2619 0.0606
21.6000 -0.2809 -0.2616 0.0026
21.7000 -0.2916 -0.2603 6.2041
21.8000 -0.3015 -0.2579 6.0942
21.9000 -0.3099 -0.2543 5.9382
22.0000 -0.3207 -0.2495 5.8875
22.1000 -0.3315 -0.2444 5.8502
22.2000 -0.3423 -0.2388 5.8162
22.3000 -0.3530 -0.2329 5.7855
22.4000 -0.3636 -0.2266 5.7584
22.5000 -0.3741 -0.2201 5.7340
22.6000 -0.3846 -0.2133 5.7118
22.7000 -0.3949 -0.2063 5.6916
22.8000 -0.4050 -0.1992 5.6713
22.9000 -0.4150 -0.1918 5.6500
23.0000 -0.4249 -0.1842 5.6273
23.1000 -0.4345 -0.1763 5.6032
23.2000 -0.4439 -0.1683 5.5775
23.3000 -0.4530 -0.1601 5.5500
23.4000 -0.4622 -0.1515 5.5331
23.5000 -0.4712 -0.1428 5.5150
23.6000 -0.4800 -0.1340 5.4957
23.7000 -0.4886 -0.1249 5.4752
23.8000 -0.4970 -0.1158 5.4532
23.9000 -0.5051 -0.1064 5.4295
24.0000 -0.5130 -0.0970 5.4034
24.1000 -0.5206 -0.0873 5.3747
24.2000 -0.5279 -0.0774 5.3424
24.3000 -0.5347 -0.0674 5.3070
24.4000 -0.5409 -0.0574 5.2544
24.5000 -0.5465 -0.0472 5.1953
24.6000 -0.5513 -0.0369 5.1284
24.7000 -0.5553 -0.0265 5.0512
24.8000 -0.5583 -0.0163 4.9599
24.9000 -0.5602 -0.0063 4.8477
25.0000 -0.5607 0.0027 4.7018
25.1000 -0.5599 0.0102 4.5038
25.2000 -0.5574 0.0186 4.3615
25.3000 -0.5532 0.0289 4.3043
25.4000 -0.5483 0.0395 4.2664
25.5000 -0.5429 0.0502 4.2374
25.6000 -0.5372 0.0609 4.2138
25.7000 -0.5311 0.0715 4.1937
25.8000 -0.5249 0.0821 4.1749
25.9000 -0.5185 0.0926 4.1572
26.0000 -0.5118 0.1030 4.1403
26.1000 -0.5050 0.1133 4.1241
26.2000 -0.4980 0.1235 4.1084
26.3000 -0.4908 0.1336 4.0930
26.4000 -0.4835 0.1436 4.0778
26.5000 -0.4760 0.1535 4.0627
26.6000 -0.4684 0.1633 4.0477
26.7000 -0.4606 0.1729 4.0325
26.8000 -0.4527 0.1824 4.0170
26.9000 -0.4447 0.1918 4.0011
27.0000 -0.4365 0.2010 3.9847
27.1000 -0.4281 0.2101 3.9676
27.2000 -0.4196 0.2190 3.9496
27.3000 -0.4110 0.2277 3.9305
27.4000 -0.4022 0.2362 3.9098
27.5000 -0.3933 0.2444 3.8873
27.6000 -0.3842 0.2523 3.8624
27.7000 -0.3750 0.2600 3.8346
27.8000 -0.3656 0.2673 3.8049
27.9000 -0.3558 0.2745 3.7808
28.0000 -0.3458 0.2815 3.7603
28.1000 -0.3357 0.2884 3.7425
28.2000 -0.3253 0.2952 3.7265
28.3000 -0.3149 0.3019 3.7121
28.4000 -0.3043 0.3085 3.6987
28.5000 -0.2936 0.3149 3.6863
28.6000 -0.2828 0.3212 3.6746
28.7000 -0.2719 0.3274 3.6634
28.8000 -0.2610 0.3335 3.6527
28.9000 -0.2499 0.3395 3.6423
29.0000 -0.2388 0.3454 3.6323
29.1000 -0.2277 0.3512 3.6225
29.2000 -0.2165 0.3569 3.6130
29.3000 -0.2052 0.3625 3.6036
29.4000 -0.1938 0.3679 3.5944
29.5000 -0.1825 0.3733 3.5852
29.6000 -0.1710 0.3786 3.5762
29.7000 -0.1595 0.3838 3.5672
29.8000 -0.1480 0.3888 3.5583
29.9000 -0.1364 0.3938 3.5495
30.0000 -0.1248 0.3986 3.5406
30.1000 -0.1131 0.4034 3.5318
30.2000 -0.1014 0.4081 3.5230
30.3000 -0.0896 0.4126 3.5142
30.4000 -0.0778 0.4171 3.5054
30.5000 -0.0660 0.4214 3.4966
30.6000 -0.0541 0.4256 3.4877
30.7000 -0.0422 0.4298 3.4788
30.8000 -0.0302 0.4338 3.4698
30.9000 -0.0183 0.4377 3.4608
31.0000 -0.0062 0.4415 3.4517
31.1000 0.0058 0.4452 3.4425
31.2000 0.0179 0.4488 3.4331
31.3000 0.0300 0.4522 3.4237
31.4000 0.0422 0.4556 3.4141
31.5000 0.0543 0.4588 3.4044
31.6000 0.0665 0.4619 3.3945
31.7000 0.0788 0.4649 3.3844
31.8000 0.0910 0.4677 3.3742
31.9000 0.1033 0.4704 3.3638
32.0000 0.1156 0.4730 3.3531
32.1000 0.1279 0.4754 3.3422
32.2000 0.1403 0.4777 3.3311
32.3000 0.1526 0.4799 3.3196
32.4000 0.1650 0.4819 3.3079
32.5000 0.1774 0.4838 3.2958
32.6000 0.1898 0.4855 3.2832
32.7000 0.2023 0.4870 3.2702
32.8000 0.2147 0.4883 3.2567
32.9000 0.2271 0.4895 3.2426
33.0000 0.2395 0.4905 3.2278
33.1000 0.2520 0.4913 3.2123
33.2000 0.2644 0.4918 3.1957
33.3000 0.2768 0.4922 3.1773
33.4000 0.2891 0.4922 3.1566
33.5000 0.3013 0.4920 3.1326
33.6000 0.3135 0.4913 3.1037
33.7000 0.3253 0.4902 3.0667
33.8000 0.3368 0.4885 3.0172
33.9000 0.3483 0.4862 2.9686
34.0000 0.3596 0.4834 2.9164
34.1000 0.3705 0.4799 2.8559
34.2000 0.3808 0.4756 2.7808
34.3000 0.3902 0.4706 2.6815
34.4000 0.3982 0.4649 2.5452
34.5000 0.4019 0.4604 2.2476
34.6000 0.4040 0.4560 1.9251
34.7000 0.4074 0.4454 1.8479
34.8000 0.4103 0.4339 1.8061
34.9000 0.4130 0.4220 1.7782
35.0000 0.4154 0.4099 1.7572
35.1000 0.4176 0.3976 1.7407
35.2000 0.4197 0.3852 1.7268
35.3000 0.4215 0.3728 1.7146
35.4000 0.4233 0.3603 1.7037
35.5000 0.4249 0.3478 1.6937
35.6000 0.4264 0.3352 1.6837
35.7000 0.4277 0.3226 1.6738
35.8000 0.4290 0.3101 1.6640
35.9000 0.4301 0.2975 1.6543
36.0000 0.4311 0.2849 1.6446
36.1000 0.4319 0.2723 1.6349
36.2000 0.4327 0.2596 1.6277
36.3000 0.4334 0.2469 1.6206
36.4000 0.4340 0.2343 1.6136
36.5000 0.4345 0.2216 1.6066
36.6000 0.4349 0.2089 1.5997
36.7000 0.4352 0.1962 1.5930
36.8000 0.4354 0.1835 1.5863
36.9000 0.4356 0.1708 1.5796
37.0000 0.4357 0.1581 1.5730
37.1000 0.4356 0.1454 1.5662
37.2000 0.4355 0.1327 1.5587
37.3000 0.4353 0.1200 1.5500
37.4000 0.4350 0.1074 1.5403
37.5000 0.4346 0.0948 1.5306
37.6000 0.4340 0.0822 1.5209
37.7000 0.4333 0.0696 1.5112
37.8000 0.4325 0.0570 1.5015
37.9000 0.4315 0.0444 1.4918
38.0000 0.4305 0.0319 1.4820
38.1000 0.4293 0.0193 1.4723
38.2000 0.4280 0.0068 1.4625
38.3000 0.4266 -0.0058 1.4527
38.4000 0.4250 -0.0183 1.4429
38.5000 0.4234 -0.0308 1.4331
38.6000 0.4216 -0.0432 1.4232
38.7000 0.4197 -0.0557 1.4133
38.8000 0.4176 -0.0681 1.4033
38.9000 0.4154 -0.0805 1.3933
39.0000 0.4132 -0.0929 1.3832
39.1000 0.4107 -0.1052 1.3731
39.2000 0.4082 -0.1176 1.3631
39.3000 0.4055 -0.1299 1.3532
39.4000 0.4028 -0.1422 1.3433
39.5000 0.3998 -0.1544 1.3335
39.6000 0.3968 -0.1666 1.3236
39.7000 0.3937 -0.1788 1.3138
39.8000 0.3904 -0.1910 1.3040
39.9000 0.3870 -0.2031 1.2942
40.0000 0.3835 -0.2152 1.2844
40.1000 0.3799 -0.2273 1.2747
40.2000 0.3761 -0.2393 1.2649
40.3000 0.3723 -0.2513 1.2550
40.4000 0.3683 -0.2633 1.2472
40.5000 0.3642 -0.2752 1.2394
40.6000 0.3601 -0.2871 1.2312
40.7000 0.3558 -0.2990 1.2228
40.8000 0.3514 -0.3109 1.2144
40.9000 0.3470 -0.3227 1.2057
41.0000 0.3424 -0.3344 1.1967
41.1000 0.3377 -0.3461 1.1875
41.2000 0.3329 -0.3578 1.1782
41.3000 0.3281 -0.3694 1.1685
41.4000 0.3231 -0.3809 1.1589
41.5000 0.3179 -0.3924 1.1493
41.6000 0.3127 -0.4038 1.1397
41.7000 0.3074 -0.4152 1.1302
41.8000 0.3020 -0.4266 1.1207
41.9000 0.2964 -0.4379 1.1112
42.0000 0.2907 -0.4491 1.1017
42.1000 0.2850 -0.4603 1.0922
42.2000 0.2791 -0.4714 1.0828
42.3000 0.2731 -0.4825 1.0734
42.4000 0.2671 -0.4935 1.0641
42.5000 0.2609 -0.5045 1.0547
42.6000 0.2546 -0.5154 1.0454
42.7000 0.2482 -0.5262 1.0360
42.8000 0.2417 -0.5370 1.0267
42.9000 0.2351 -0.5477 1.0175
43.0000 0.2284 -0.5584 1.0082
43.1000 0.2216 -0.5690 0.9989
43.2000 0.2148 -0.5795 0.9897
43.3000 0.2078 -0.5900 0.9805
43.4000 0.2007 -0.6004 0.9713
43.5000 0.1935 -0.6107 0.9621
43.6000 0.1862 -0.6210 0.9530
43.7000 0.1789 -0.6312 0.9440
43.8000 0.1714 -0.6413 0.9351
43.9000 0.1639 -0.6514 0.9261
44.0000 0.1562 -0.6614 0.9172
44.1000 0.1485 -0.6713 0.9083
44.2000 0.1407 -0.6812 0.8993
44.3000 0.1327 -0.6910 0.8904
44.4000 0.1248 -0.7007 0.8814
44.5000 0.1167 -0.7103 0.8724
44.6000 0.1085 -0.7199 0.8634
44.7000 0.1002 -0.7294 0.8543
44.8000 0.0919 -0.7388 0.8451
44.9000 0.0835 -0.7482 0.8359
45.0000 0.0749 -0.7575 0.8296
45.1000 0.0663 -0.7668 0.8230
45.2000 0.0576 -0.7760 0.8162
45.3000 0.0489 -0.7852 0.8091
45.4000 0.0401 -0.7943 0.8016
45.5000 0.0313 -0.8033 0.7935
45.6000 0.0224 -0.8122 0.7849
45.7000 0.0134 -0.8210 0.7757
45.8000 0.0043 -0.8297 0.7664
45.9000 -0.0048 -0.8383 0.7570
46.0000 -0.0140 -0.8469 0.7476
46.1000 -0.0233 -0.8553 0.7382
46.2000 -0.0327 -0.8637 0.7287
46.3000 -0.0422 -0.8720 0.7191
46.4000 -0.0517 -0.8801 0.7095
46.5000 -0.0613 -0.8882 0.6998
46.6000 -0.0710 -0.8962 0.6901
46.7000 -0.0808 -0.9041 0.6803
46.8000 -0.0907 -0.9119 0.6704
46.9000 -0.1006 -0.9196 0.6604
47.0000 -0.1106 -0.9272 0.6504
47.1000 -0.1207 -0.9347 0.6403
47.2000 -0.1308 -0.9420 0.6301
47.3000 -0.1410 -0.9493 0.6199
47.4000 -0.1513 -0.9565 0.6095
47.5000 -0.1617 -0.9635 0.5991
47.6000 -0.1722 -0.9705 0.5885
47.7000 -0.1827 -0.9773 0.5778
47.8000 -0.1933 -0.9840 0.5670
47.9000 -0.2039 -0.9906 0.5562
48.0000 -0.2146 -0.9971 0.5451
48.1000 -0.2254 -1.0034 0.5340
48.2000 -0.2363 -1.0096 0.5227
48.3000 -0.2472 -1.0157 0.5112
48.4000 -0.2582 -1.0217 0.4996
48.5000 -0.2693 -1.0275 0.4879
48.6000 -0.2804 -1.0332 0.4759
48.7000 -0.2916 -1.0387 0.4638
48.8000 -0.3029 -1.0441 0.4515
48.9000 -0.3142 -1.0494 0.4390
49.0000 -0.3256 -1.0545 0.4262
49.1000 -0.3371 -1.0595 0.4132
49.2000 -0.3486 -1.0643 0.4000
49.3000 -0.3575 -1.0662 0.2706
49.4000 -0.3673 -1.0673 0.1623
49.5000 -0.3758 -1.0667 0.0014
49.6000 -0.3827 -1.0644 6.0604
49.7000 -0.3881 -1.0609 5.7912
49.8000 -0.3931 -1.0561 5.5399
49.9000 -0.4022 -1.0474 5.5216
50.0000 -0.4111 -1.0386 5.5047
50.1000 -0.4199 -1.0297 5.4874
50.2000 -0.4285 -1.0206 5.4696
50.3000 -0.4369 -1.0114 5.4512
50.4000 -0.4454 -1.0019 5.4409
50.5000 -0.4537 -0.9924 5.4308
50.6000 -0.4620 -0.9827 5.4205
50.7000 -0.4701 -0.9730 5.4100
50.8000 -0.4781 -0.9633 5.3993
50.9000 -0.4861 -0.9534 5.3883
51.0000 -0.4939 -0.9435 5.3768
51.1000 -0.5017 -0.9334 5.3703
51.2000 -0.5094 -0.9232 5.3630
51.3000 -0.5170 -0.9131 5.3549
51.4000 -0.5246 -0.9029 5.3462
51.5000 -0.5320 -0.8926 5.3366
51.6000 -0.5393 -0.8822 5.3261
51.7000 -0.5465 -0.8718 5.3148
51.8000 -0.5536 -0.8613 5.3025
51.9000 -0.5603 -0.8509 5.2814
52.0000 -0.5668 -0.8403 5.2593
52.1000 -0.5731 -0.8296 5.2359
52.2000 -0.5790 -0.8188 5.2114
52.3000 -0.5848 -0.8079 5.1858
52.4000 -0.5902 -0.7968 5.1593
52.5000 -0.5953 -0.7857 5.1316
52.6000 -0.6000 -0.7744 5.1030
52.7000 -0.6045 -0.7630 5.0734
52.8000 -0.6086 -0.7515 5.0431
52.9000 -0.6123 -0.7399 5.0121
53.0000 -0.6157 -0.7283 4.9804
53.1000 -0.6187 -0.7165 4.9480
53.2000 -0.6213 -0.7047 4.9146
53.3000 -0.6234 -0.6930 4.8776
53.4000 -0.6251 -0.6812 4.8362
53.5000 -0.6263 -0.6696 4.7893
53.6000 -0.6269 -0.6581 4.7374
53.7000 -0.6268 -0.6468 4.6771
53.8000 -0.6261 -0.6357 4.6108
53.9000 -0.6246 -0.6250 4.5371
54.0000 -0.6223 -0.6147 4.4568
54.1000 -0.6192 -0.6048 4.3713
54.2000 -0.6150 -0.5943 4.3193
54.3000 -0.6103 -0.5838 4.2772
54.4000 -0.6051 -0.5732 4.2417
54.5000 -0.5994 -0.5627 4.2110
54.6000 -0.5934 -0.5523 4.1838
54.7000 -0.5886 -0.5461 4.0183
54.8000 -0.5820 -0.5401 3.8918
54.9000 -0.5745 -0.5347 3.7753
55.0000 -0.5664 -0.5304 3.6534
55.1000 -0.5581 -0.5277 3.5145
55.2000 -0.5501 -0.5267 3.3411
55.3000 -0.5419 -0.5272 3.1693
55.4000 -0.5298 -0.5274 3.1388
55.5000 -0.5174 -0.5277 3.1210
55.6000 -0.5050 -0.5283 3.1022
55.7000 -0.4927 -0.5292 3.0821
55.8000 -0.4804 -0.5303 3.0605
55.9000 -0.4682 -0.5318 3.0370
56.0000 -0.4561 -0.5335 3.0111
56.1000 -0.4441 -0.5356 2.9811
56.2000 -0.4324 -0.5381 2.9469
56.3000 -0.4207 -0.5410 2.9125
56.4000 -0.4092 -0.5444 2.8733
56.5000 -0.3980 -0.5483 2.8279
56.6000 -0.3872 -0.5527 2.7723
56.7000 -0.3772 -0.5577 2.6984
56.8000 -0.3690 -0.5634 2.5666
56.9000 -0.3624 -0.5697 2.3988
57.0000 -0.3579 -0.5759 2.1723
57.1000 -0.3533 -0.5843 2.0273
57.2000 -0.3484 -0.5951 1.9802
57.3000 -0.3438 -0.6064 1.9488
57.4000 -0.3394 -0.6179 1.9249
57.5000 -0.3352 -0.6296 1.9054
57.6000 -0.3313 -0.6415 1.8889
57.7000 -0.3274 -0.6534 1.8746
57.8000 -0.3238 -0.6655 1.8619
57.9000 -0.3202 -0.6776 1.8504
58.0000 -0.3168 -0.6898 1.8400
58.1000 -0.3135 -0.7020 1.8304
58.2000 -0.3103 -0.7142 1.8214
58.3000 -0.3072 -0.7265 1.8130
58.4000 -0.3042 -0.7389 1.8051
58.5000 -0.3013 -0.7512 1.7976
58.6000 -0.2985 -0.7636 1.7903
58.7000 -0.2958 -0.7760 1.7831
58.8000 -0.2932 -0.7885 1.7759
58.9000 -0.2906 -0.8009 1.7688
59.0000 -0.2882 -0.8134 1.7617
59.1000 -0.2858 -0.8259 1.7547
59.2000 -0.2835 -0.8384 1.7478
59.3000 -0.2814 -0.8509 1.7408
59.4000 -0.2792 -0.8635 1.7339
59.5000 -0.2772 -0.8760 1.7271
59.6000 -0.2753 -0.8886 1.7203
59.7000 -0.2734 -0.9012 1.7135
59.8000 -0.2717 -0.9137 1.7067
59.9000 -0.2700 -0.9263 1.7000
60.0000 -0.2684 -0.9390 1.6933
60.1000 -0.2669 -0.9516 1.6866
60.2000 -0.2655 -0.9642 1.6800
60.3000 -0.2641 -0.9769 1.6733
60.4000 -0.2629 -0.9895 1.6667
60.5000 -0.2617 -1.0022 1.6601
60.6000 -0.2606 -1.0148 1.6535
60.7000 -0.2596 -1.0275 1.6469
60.8000 -0.2587 -1.0402 1.6404
60.9000 -0.2578 -1.0529 1.6338
61.0000 -0.2571 -1.0656 1.6273
61.1000 -0.2564 -1.0783 1.6208
61.2000 -0.2558 -1.0909 1.6143
61.3000 -0.2553 -1.1037 1.6078
61.4000 -0.2549 -1.1164 1.6012
61.5000 -0.2545 -1.1290 1.5936
61.6000 -0.2543 -1.1416 1.5830
61.7000 -0.2542 -1.1541 1.5678
61.8000 -0.2544 -1.1664 1.5458
61.9000 -0.2549 -1.1784 1.5120
62.0000 -0.2559 -1.1899 1.4640
62.1000 -0.2574 -1.2008 1.3966
62.2000 -0.2597 -1.2107 1.3036
62.3000 -0.2629 -1.2201 1.2038
62.4000 -0.2670 -1.2288 1.0944
62.5000 -0.2721 -1.2371 0.9943
62.6000 -0.2783 -1.2451 0.9063
62.7000 -0.2854 -1.2531 0.8375
62.8000 -0.2930 -1.2604 0.7657
62.9000 -0.3011 -1.2671 0.6900
63.0000 -0.3097 -1.2729 0.6094
63.1000 -0.3186 -1.2778 0.5238
63.2000 -0.3284 -1.2824 0.4579
63.3000 -0.3386 -1.2864 0.3947
63.4000 -0.3490 -1.2896 0.3272
63.5000 -0.3595 -1.2920 0.2532
63.6000 -0.3699 -1.2933 0.1700
63.7000 -0.3802 -1.2936 0.0754
63.8000 -0.3884 -1.2921 6.1822
63.9000 -0.3944 -1.2892 5.9277
64.0000 -0.4037 -1.2842 5.8270
64.1000 -0.4124 -1.2784 5.7174
64.2000 -0.4206 -1.2717 5.6109
64.3000 -0.4286 -1.2641 5.5236
64.4000 -0.4363 -1.2557 5.4545
64.5000 -0.4435 -1.2468 5.3836
64.6000 -0.4458 -1.2421 5.0730
64.7000 -0.4493 -1.2313 5.0069
64.8000 -0.3849 -1.2508 4.9305
64.9000 -0.3871 -1.2393 4.8839
65.0000 -0.3888 -1.2278 4.8311
65.1000 -0.3898 -1.2165 4.7740
65.2000 -0.3902 -1.2052 4.7110
65.3000 -0.3897 -1.1943 4.6386
65.4000 -0.3885 -1.1839 4.5513
65.5000 -0.3864 -1.1720 4.5253
65.6000 -0.3840 -1.1603 4.4941
65.7000 -0.3812 -1.1483 4.4739
65.8000 -0.3781 -1.1365 4.4507
65.9000 -0.3748 -1.1247 4.4282
66.0000 -0.3712 -1.1130 4.4072
66.1000 -0.3674 -1.1013 4.3878
66.2000 -0.3634 -1.0897 4.3697
66.3000 -0.3591 -1.0781 4.3529
66.4000 -0.3546 -1.0664 4.3413
66.5000 -0.3500 -1.0547 4.3297
66.6000 -0.3452 -1.0431 4.3184
66.7000 -0.3403 -1.0316 4.3073
66.8000 -0.3353 -1.0201 4.2964
66.9000 -0.3301 -1.0087 4.2856
67.0000 -0.3248 -0.9973 4.2745
67.1000 -0.3195 -0.9860 4.2622
67.2000 -0.3139 -0.9750 4.2461
67.3000 -0.3083 -0.9640 4.2284
67.4000 -0.3024 -0.9532 4.2114
67.5000 -0.2963 -0.9424 4.1950
67.6000 -0.2901 -0.9317 4.1791
67.7000 -0.2837 -0.9211 4.1636
67.8000 -0.2771 -0.9106 4.1485
67.9000 -0.2703 -0.9002 4.1337
68.0000 -0.2634 -0.8899 4.1192
68.1000 -0.2563 -0.8797 4.1047
68.2000 -0.2491 -0.8696 4.0902
68.3000 -0.2418 -0.8596 4.0760
68.4000 -0.2343 -0.8497 4.0620
68.5000 -0.2266 -0.8399 4.0482
68.6000 -0.2188 -0.8302 4.0345
68.7000 -0.2109 -0.8206 4.0209
68.8000 -0.2029 -0.8111 4.0074
68.9000 -0.1947 -0.8018 3.9938
69.0000 -0.1864 -0.7925 3.9802
69.1000 -0.1780 -0.7834 3.9665
69.2000 -0.1694 -0.7744 3.9527
69.3000 -0.1607 -0.7655 3.9387
69.4000 -0.1519 -0.7567 3.9245
69.5000 -0.1430 -0.7481 3.9099
69.6000 -0.1340 -0.7396 3.8950
69.7000 -0.1248 -0.7313 3.8797
69.8000 -0.1155 -0.7231 3.8639
69.9000 -0.1061 -0.7151 3.8474
70.0000 -0.0966 -0.7073 3.8302
70.1000 -0.0869 -0.6997 3.8122
70.2000 -0.0772 -0.6923 3.7930
70.3000 -0.0673 -0.6851 3.7727
70.4000 -0.0573 -0.6782 3.7508
70.5000 -0.0471 -0.6715 3.7271
70.6000 -0.0369 -0.6652 3.7010
70.7000 -0.0265 -0.6592 3.6720
70.8000 -0.0161 -0.6536 3.6393
70.9000 -0.0053 -0.6483 3.6102
71.0000 0.0056 -0.6433 3.5827
71.1000 0.0166 -0.6385 3.5561
71.2000 0.0279 -0.6341 3.5298
71.3000 0.0392 -0.6299 3.5033
71.4000 0.0506 -0.6261 3.4761
71.5000 0.0621 -0.6226 3.4477
71.6000 0.0737 -0.6195 3.4175
71.7000 0.0853 -0.6168 3.3845
71.8000 0.0969 -0.6145 3.3478
71.9000 0.1085 -0.6129 3.3058
72.0000 0.1199 -0.6118 3.2563
72.1000 0.1312 -0.6115 3.1959
72.2000 0.1420 -0.6122 3.1194
72.3000 0.1519 -0.6141 3.0087
72.4000 0.1590 -0.6173 2.7971
72.5000 0.1634 -0.6209 2.4988
72.6000 0.1681 -0.6266 2.2624
72.7000 0.1753 -0.6360 2.2122
72.8000 0.1823 -0.6460 2.1798
72.9000 0.1890 -0.6561 2.1448
73.0000 0.1951 -0.6664 2.1004
73.1000 0.2006 -0.6767 2.0472
73.2000 0.2056 -0.6872 1.9898
73.3000 0.2099 -0.6980 1.9345
73.4000 0.2137 -0.7091 1.8815
73.5000 0.2169 -0.7203 1.8300
73.6000 0.2196 -0.7317 1.7804
73.7000 0.2218 -0.7432 1.7324
73.8000 0.2234 -0.7548 1.6858
73.9000 0.2245 -0.7665 1.6403
74.0000 0.2250 -0.7783 1.5998
74.1000 0.2254 -0.7910 1.5934
74.2000 0.2256 -0.8037 1.5871
74.3000 0.2258 -0.8164 1.5808
74.4000 0.2259 -0.8292 1.5775
74.5000 0.2259 -0.8420 1.5741
74.6000 0.2260 -0.8548 1.5707
74.7000 0.2259 -0.8676 1.5673
74.8000 0.2259 -0.8804 1.5640
74.9000 0.2258 -0.8931 1.5606
75.0000 0.2256 -0.9059 1.5572
75.1000 0.2254 -0.9187 1.5537
75.2000 0.2252 -0.9315 1.5502
75.3000 0.2249 -0.9443 1.5468
75.4000 0.2246 -0.9571 1.5433
75.5000 0.2242 -0.9699 1.5398
75.6000 0.2238 -0.9826 1.5362
75.7000 0.2233 -0.9954 1.5327
75.8000 0.2228 -1.0082 1.5292
75.9000 0.2222 -1.0210 1.5254
76.0000 0.2216 -1.0337 1.5214
76.1000 0.2210 -1.0465 1.5171
76.2000 0.2203 -1.0592 1.5122
76.3000 0.2195 -1.0719 1.5065
76.4000 0.2186 -1.0846 1.5002
76.5000 0.2177 -1.0972 1.4939
76.6000 0.2167 -1.1099 1.4876
76.7000 0.2156 -1.1225 1.4805
76.8000 0.2144 -1.1351 1.4716
76.9000 0.2131 -1.1476 1.4594
77.0000 0.2116 -1.1599 1.4414
77.1000 0.2098 -1.1719 1.4152
77.2000 0.2078 -1.1835 1.3782
77.3000 0.2053 -1.1946 1.3261
77.4000 0.2022 -1.2051 1.2584
77.5000 0.1985 -1.2148 1.1769
77.6000 0.1941 -1.2239 1.0860
77.7000 0.1887 -1.2326 1.0014
77.8000 0.1825 -1.2412 0.9284
77.9000 0.1755 -1.2494 0.8616
78.0000 0.1681 -1.2570 0.7912
78.1000 0.1601 -1.2638 0.7160
78.2000 0.1518 -1.2698 0.6347
78.3000 0.1430 -1.2749 0.5467
78.4000 0.1335 -1.2795 0.4698
78.5000 0.1236 -1.2834 0.3987
78.6000 0.1134 -1.2864 0.3216
78.7000 0.1032 -1.2885 0.2358
78.8000 0.0932 -1.2894 0.1359
78.9000 0.0834 -1.2890 0.0187
79.0000 0.0737 -1.2874 6.1825
79.1000 0.0633 -1.2850 6.0959
79.2000 0.0519 -1.2821 6.0501
79.3000 0.0400 -1.2788 6.0255
79.4000 0.0280 -1.2753 6.0084
79.5000 0.0161 -1.2717 5.9922
79.6000 0.0042 -1.2678 5.9757
79.7000 -0.0077 -1.2637 5.9590
79.8000 -0.0194 -1.2595 5.9421
79.9000 -0.0311 -1.2550 5.9249
80.0000 -0.0427 -1.2504 5.9077
80.1000 -0.0542 -1.2455 5.8901
80.2000 -0.0656 -1.2404 5.8724
80.3000 -0.0769 -1.2352 5.8545
80.4000 -0.0882 -1.2297 5.8366
80.5000 -0.0993 -1.2241 5.8185
80.6000 -0.1104 -1.2182 5.8006
80.7000 -0.1213 -1.2122 5.7831
80.8000 -0.1322 -1.2059 5.7659
80.9000 -0.1429 -1.1995 5.7490
81.0000 -0.1536 -1.1929 5.7326
81.1000 -0.1641 -1.1861 5.7165
81.2000 -0.1746 -1.1792 5.7007
81.3000 -0.1849 -1.1721 5.6845
81.4000 -0.1951 -1.1648 5.6673
81.5000 -0.2052 -1.1574 5.6486
81.6000 -0.2150 -1.1498 5.6284
81.7000 -0.2247 -1.1420 5.6058
81.8000 -0.2341 -1.1340 5.5813
81.9000 -0.2434 -1.1257 5.5559
82.0000 -0.2522 -1.1173 5.5249
82.1000 -0.2607 -1.1086 5.4860
82.2000 -0.2686 -1.0998 5.4390
82.3000 -0.2767 -1.0903 5.4198
82.4000 -0.2847 -1.0807 5.3990
82.5000 -0.2923 -1.0709 5.3757
82.6000 -0.2997 -1.0610 5.3518
82.7000 -0.3069 -1.0509 5.3275
82.8000 -0.3139 -1.0407 5.3027
82.9000 -0.3205 -1.0303 5.2775
83.0000 -0.3269 -1.0197 5.2520
83.1000 -0.3331 -1.0090 5.2261
83.2000 -0.3389 -0.9982 5.2000
83.3000 -0.3445 -0.9872 5.1737
83.4000 -0.3497 -0.9761 5.1471
83.5000 -0.3548 -0.9647 5.1269
83.6000 -0.3597 -0.9533 5.1083
83.7000 -0.3644 -0.9417 5.0907
83.8000 -0.3689 -0.9300 5.0734
83.9000 -0.3732 -0.9183 5.0566
84.0000 -0.3773 -0.9065 5.0401
84.1000 -0.3812 -0.8946 5.0230
84.2000 -0.3849 -0.8827 5.0049
84.3000 -0.3883 -0.8707 4.9858
84.4000 -0.3915 -0.8588 4.9652
84.5000 -0.3945 -0.8468 4.9424
84.6000 -0.3971 -0.8348 4.9168
84.7000 -0.3994 -0.8229 4.8867
84.8000 -0.4013 -0.8109 4.8553
84.9000 -0.4028 -0.7989 4.8232
85.0000 -0.4039 -0.7869 4.7909
85.1000 -0.4047 -0.7749 4.7574
85.2000 -0.4050 -0.7630 4.7224
85.3000 -0.4049 -0.7510 4.6860
85.4000 -0.4044 -0.7392 4.6479
85.5000 -0.4034 -0.7275 4.6078
85.6000 -0.4019 -0.7159 4.5651
85.7000 -0.3999 -0.7045 4.5194
85.8000 -0.3974 -0.6935 4.4638
85.9000 -0.3943 -0.6826 4.4115
86.0000 -0.3906 -0.6716 4.3686
86.1000 -0.3863 -0.6604 4.3404
86.2000 -0.3817 -0.6492 4.3151
86.3000 -0.3769 -0.6380 4.2922
86.4000 -0.3717 -0.6269 4.2711
86.5000 -0.3663 -0.6159 4.2515
86.6000 -0.3607 -0.6050 4.2331
86.7000 -0.3549 -0.5941 4.2158
86.8000 -0.3489 -0.5833 4.1994
86.9000 -0.3427 -0.5726 4.1838
87.0000 -0.3363 -0.5619 4.1690
87.1000 -0.3298 -0.5514 4.1548
87.2000 -0.3231 -0.5409 4.1412
87.3000 -0.3162 -0.5305 4.1279
87.4000 -0.3092 -0.5202 4.1150
87.5000 -0.3021 -0.5099 4.1023
87.6000 -0.2949 -0.4998 4.0898
87.7000 -0.2875 -0.4897 4.0775
87.8000 -0.2800 -0.4797 4.0653
87.9000 -0.2723 -0.4698 4.0531
88.0000 -0.2646 -0.4601 4.0410
88.1000 -0.2567 -0.4504 4.0289
88.2000 -0.2487 -0.4408 4.0164
88.3000 -0.2406 -0.4312 4.0084
88.4000 -0.2323 -0.4216 4.0000
88.5000 -0.2240 -0.4122 3.9913
88.6000 -0.2156 -0.4028 3.9821
88.7000 -0.2072 -0.3935 3.9723
88.8000 -0.1986 -0.3843 3.9618
88.9000 -0.1900 -0.3753 3.9507
89.0000 -0.1813 -0.3663 3.9385
89.1000 -0.1724 -0.3576 3.9251
89.2000 -0.1635 -0.3490 3.9101
89.3000 -0.1545 -0.3405 3.8943
89.4000 -0.1454 -0.3322 3.8776
89.5000 -0.1361 -0.3241 3.8598
89.6000 -0.1267 -0.3163 3.8407
89.7000 -0.1172 -0.3086 3.8201
89.8000 -0.1075 -0.3012 3.7975
89.9000 -0.0977 -0.2942 3.7724
90.0000 -0.0879 -0.2874 3.7441
90.1000 -0.0778 -0.2810 3.7148
90.2000 -0.0674 -0.2748 3.6890
90.3000 -0.0569 -0.2688 3.6657
90.4000 -0.0462 -0.2630 3.6443
90.5000 -0.0353 -0.2573 3.6243
90.6000 -0.0243 -0.2519 3.6053
90.7000 -0.0131 -0.2467 3.5871
90.8000 -0.0019 -0.2416 3.5695
90.9000 0.0095 -0.2367 3.5524
91.0000 0.0209 -0.2321 3.5356
91.1000 0.0324 -0.2276 3.5189
91.2000 0.0440 -0.2233 3.5023
91.3000 0.0557 -0.2192 3.4855
91.4000 0.0674 -0.2153 3.4682
91.5000 0.0792 -0.2117 3.4503
91.6000 0.0910 -0.2082 3.4315
91.7000 0.1029 -0.2050 3.4118
91.8000 0.1148 -0.2021 3.3907
91.9000 0.1268 -0.1995 3.3679
92.0000 0.1387 -0.1972 3.3429
92.1000 0.1506 -0.1953 3.3150
92.2000 0.1625 -0.1938 3.2833
92.3000 0.1743 -0.1927 3.2464
92.4000 0.1860 -0.1923 3.2024
92.5000 0.1974 -0.1925 3.1479
92.6000 0.2084 -0.1936 3.0773
92.7000 0.2187 -0.1958 2.9819
92.8000 0.2278 -0.1991 2.8481
92.9000 0.2350 -0.2034 2.6545
93.0000 0.2391 -0.2076 2.3636
93.1000 0.2453 -0.2154 2.2277
93.2000 0.2518 -0.2249 2.1609
93.3000 0.2581 -0.2351 2.1202
93.4000 0.2643 -0.2457 2.0916
93.5000 0.2703 -0.2565 2.0697
93.6000 0.2761 -0.2676 2.0519
93.7000 0.2818 -0.2788 2.0370
93.8000 0.2874 -0.2901 2.0241
93.9000 0.2928 -0.3015 2.0128
94.0000 0.2982 -0.3130 2.0026
94.1000 0.3034 -0.3245 1.9934
94.2000 0.3086 -0.3361 1.9850
94.3000 0.3136 -0.3478 1.9772
94.4000 0.3186 -0.3595 1.9700
94.5000 0.3235 -0.3712 1.9630
94.6000 0.3283 -0.3830 1.9560
94.7000 0.3330 -0.3948 1.9492
94.8000 0.3377 -0.4067 1.9424
94.9000 0.3423 -0.4186 1.9357
95.0000 0.3467 -0.4305 1.9290
95.1000 0.3512 -0.4424 1.9224
95.2000 0.3555 -0.4544 1.9158
95.3000 0.3598 -0.4664 1.9093
95.4000 0.3639 -0.4784 1.9029
95.5000 0.3680 -0.4905 1.8964
95.6000 0.3721 -0.5026 1.8891
95.7000 0.3760 -0.5146 1.8810
95.8000 0.3798 -0.5267 1.8716
95.9000 0.3834 -0.5388 1.8606
96.0000 0.3869 -0.5509 1.8476
96.1000 0.3903 -0.5629 1.8319
96.2000 0.3933 -0.5750 1.8129
96.3000 0.3961 -0.5870 1.7898
96.4000 0.3986 -0.5989 1.7617
96.5000 0.4007 -0.6109 1.7292
96.6000 0.4023 -0.6226 1.6900
96.7000 0.4035 -0.6343 1.6450
96.8000 0.4040 -0.6458 1.5914
96.9000 0.4039 -0.6570 1.5301
97.0000 0.4031 -0.6680 1.4597
97.1000 0.4020 -0.6715 1.1266
97.2000 0.3969 -0.6808 1.0523
97.3000 0.3912 -0.6895 0.9736
97.4000 0.3848 -0.6975 0.8893
97.5000 0.3779 -0.7047 0.7992
97.6000 0.3702 -0.7112 0.7079
97.7000 0.3621 -0.7119 0.6116
97.8000 0.3534 -0.7121 0.5113
97.9000 0.3445 -0.7130 0.4032
98.0000 0.3342 -0.7124 0.3316
98.1000 0.3239 -0.7139 0.2528
98.2000 0.2634 -0.7117 0.2443
98.3000 0.2511 -0.7146 0.2363
98.4000 0.2388 -0.7174 0.2281
98.5000 0.2265 -0.7201 0.2198
98.6000 0.2141 -0.7227 0.2114
98.7000 0.2017 -0.7252 0.2028
98.8000 0.1893 -0.7276 0.1940
98.9000 0.1769 -0.7299 0.1857
99.0000 0.1644 -0.7321 0.1778
99.1000 0.1519 -0.7342 0.1707
99.2000 0.1394 -0.7362 0.1634
99.3000 0.1269 -0.7381 0.1548
99.4000 0.1144 -0.7399 0.1450
99.5000 0.1021 -0.7414 0.1306
99.6000 0.0897 -0.7427 0.1153
99.7000 0.0773 -0.7439 0.0989
99.8000 0.0649 -0.7448 0.0816
99.9000 0.0526 -0.7454 0.0633
100.0000 0.0402 -0.7459 0.0440
100.1000 0.0279 -0.7460 0.0235
100.2000 0.0156 -0.7459 0.0019
100.3000 0.0033 -0.7455 6.2624
100.4000 -0.0089 -0.7448 6.2386
100.5000 -0.0211 -0.7438 6.2136
100.6000 -0.0333 -0.7425 6.1874
100.7000 -0.0454 -0.7408 6.1599
100.8000 -0.0574 -0.7388 6.1311
100.9000 -0.0693 -0.7365 6.1010
101.0000 -0.0811 -0.7337 6.0699
101.1000 -0.0928 -0.7306 6.0379
101.2000 -0.1044 -0.7271 6.0052
101.3000 -0.1159 -0.7233 5.9722
101.4000 -0.1273 -0.7190 5.9392
101.5000 -0.1385 -0.7144 5.9065
101.6000 -0.1496 -0.7095 5.8745
101.7000 -0.1606 -0.7042 5.8436
101.8000 -0.1715 -0.6985 5.8138
101.9000 -0.1822 -0.6926 5.7855
102.0000 -0.1928 -0.6864 5.7585
102.1000 -0.2033 -0.6798 5.7331
102.2000 -0.2137 -0.6731 5.7091
102.3000 -0.2239 -0.6660 5.6865
102.4000 -0.2340 -0.6588 5.6653
102.5000 -0.2440 -0.6514 5.6448
102.6000 -0.2538 -0.6437 5.6228
102.7000 -0.2634 -0.6358 5.5992
102.8000 -0.2728 -0.6278 5.5743
102.9000 -0.2819 -0.6195 5.5479
103.0000 -0.2908 -0.6110 5.5199
103.1000 -0.2994 -0.6022 5.4901
103.2000 -0.3077 -0.5932 5.4586
103.3000 -0.3157 -0.5840 5.4251
103.4000 -0.3234 -0.5746 5.3897
103.5000 -0.3307 -0.5649 5.3522
103.6000 -0.3375 -0.5550 5.3127
103.7000 -0.3436 -0.5451 5.2538
103.8000 -0.3483 -0.5359 5.1416
103.9000 -0.3508 -0.5281 4.9477
104.0000 -0.3517 -0.5207 4.7346
104.1000 -0.3512 -0.5122 4.5742
104.2000 -0.3493 -0.5013 4.5112
104.3000 -0.3467 -0.4898 4.4711
104.4000 -0.3437 -0.4783 4.4389
104.5000 -0.3402 -0.4668 4.4108
104.6000 -0.3364 -0.4552 4.3858
104.7000 -0.3324 -0.4437 4.3633
104.8000 -0.3280 -0.4323 4.3426
104.9000 -0.3235 -0.4209 4.3236
105.0000 -0.3187 -0.4095 4.3058
105.1000 -0.3136 -0.3980 4.2966
105.2000 -0.3084 -0.3865 4.2876
105.3000 -0.3032 -0.3750 4.2788
105.4000 -0.2978 -0.3636 4.2704
105.5000 -0.2924 -0.3522 4.2618
105.6000 -0.2868 -0.3409 4.2535
105.7000 -0.2811 -0.3296 4.2453
105.8000 -0.2754 -0.3184 4.2373
105.9000 -0.2695 -0.3072 4.2293
106.0000 -0.2636 -0.2960 4.2215
106.1000 -0.2576 -0.2849 4.2136
106.2000 -0.2515 -0.2739 4.2057
106.3000 -0.2453 -0.2629 4.1979
106.4000 -0.2390 -0.2519 4.1899
106.5000 -0.2327 -0.2411 4.1784
106.6000 -0.2262 -0.2304 4.1667
106.7000 -0.2196 -0.2198 4.1551
106.8000 -0.2129 -0.2092 4.1436
106.9000 -0.2061 -0.1988 4.1320
107.0000 -0.1991 -0.1884 4.1204
107.1000 -0.1921 -0.1781 4.1088
107.2000 -0.1849 -0.1678 4.0970
107.3000 -0.1775 -0.1577 4.0851
107.4000 -0.1701 -0.1477 4.0730
107.5000 -0.1626 -0.1377 4.0605
107.6000 -0.1549 -0.1279 4.0477
107.7000 -0.1471 -0.1182 4.0345
107.8000 -0.1392 -0.1086 4.0208
107.9000 -0.1311 -0.0992 4.0065
108.0000 -0.1230 -0.0898 3.9914
108.1000 -0.1147 -0.0807 3.9755
108.2000 -0.1062 -0.0717 3.9585
108.3000 -0.0977 -0.0629 3.9402
108.4000 -0.0890 -0.0543 3.9203
108.5000 -0.0801 -0.0460 3.8986
108.6000 -0.0711 -0.0379 3.8744
108.7000 -0.0620 -0.0301 3.8472
108.8000 -0.0526 -0.0225 3.8232
108.9000 -0.0429 -0.0150 3.8021
109.0000 -0.0331 -0.0077 3.7832
109.1000 -0.0230 -0.0006 3.7658
109.2000 -0.0129 0.0065 3.7498
109.3000 -0.0026 0.0134 3.7347
109.4000 0.0078 0.0201 3.7205
109.5000 0.0184 0.0268 3.7068
109.6000 0.0290 0.0333 3.6937
109.7000 0.0397 0.0396 3.6809
109.8000 0.0505 0.0459 3.6685
109.9000 0.0614 0.0520 3.6563
110.0000 0.0724 0.0580 3.6442
110.1000 0.0834 0.0638 3.6323
110.2000 0.0945 0.0696 3.6204
110.3000 0.1057 0.0752 3.6085
110.4000 0.1170 0.0806 3.5966
110.5000 0.1283 0.0859 3.5847
110.6000 0.1397 0.0911 3.5726
110.7000 0.1511 0.0962 3.5604
110.8000 0.1626 0.1010 3.5480
110.9000 0.1742 0.1058 3.5354
111.0000 0.1858 0.1104 3.5226
111.1000 0.1974 0.1148 3.5095
111.2000 0.2092 0.1191 3.4960
111.3000 0.2209 0.1232 3.4822
111.4000 0.2327 0.1271 3.4680
111.5000 0.2446 0.1308 3.4534
111.6000 0.2565 0.1344 3.4381
111.7000 0.2685 0.1378 3.4221
111.8000 0.2804 0.1409 3.4051
111.9000 0.2924 0.1438 3.3868
112.0000 0.3044 0.1464 3.3670
112.1000 0.3165 0.1488 3.3451
112.2000 0.3285 0.1508 3.3206
112.3000 0.3404 0.1525 3.2926
112.4000 0.3523 0.1537 3.2600
112.5000 0.3641 0.1544 3.2207
112.6000 0.3757 0.1545 3.1714
112.7000 0.3868 0.1537 3.1058
112.8000 0.3972 0.1519 3.0132
112.9000 0.4060 0.1488 2.8673
113.0000 0.4122 0.1448 2.6342
113.1000 0.4184 0.1393 2.4332
113.2000 0.4243 0.1323 2.2633
113.3000 0.4304 0.1235 2.1636
113.4000 0.4365 0.1135 2.1084
113.5000 0.4425 0.1030 2.0734
113.6000 0.4482 0.0920 2.0484
113.7000 0.4538 0.0809 2.0291
113.8000 0.4592 0.0696 2.0134
113.9000 0.4645 0.0582 2.0003
114.0000 0.4697 0.0466 1.9890
114.1000 0.4748 0.0350 1.9791
114.2000 0.4797 0.0234 1.9702
114.3000 0.4846 0.0116 1.9622
114.4000 0.4894 -0.0001 1.9537
114.5000 0.4940 -0.0119 1.9431
114.6000 0.4985 -0.0236 1.9285
114.7000 0.5027 -0.0353 1.9089
114.8000 0.5066 -0.0470 1.8814
114.9000 0.5100 -0.0585 1.8456
115.0000 0.5129 -0.0699 1.7989
115.1000 0.5153 -0.0814 1.7505
115.2000 0.5171 -0.0929 1.7025
115.3000 0.5183 -0.1046 1.6557
115.4000 0.5190 -0.1162 1.6097
115.5000 0.5193 -0.1280 1.5676
115.6000 0.5190 -0.1399 1.5316
115.7000 0.5183 -0.1519 1.4999
115.8000 0.5174 -0.1646 1.4924
115.9000 0.5164 -0.1772 1.4849
116.0000 0.5152 -0.1898 1.4774
116.1000 0.5140 -0.2024 1.4700
116.2000 0.5127 -0.2150 1.4625
116.3000 0.5113 -0.2277 1.4585
116.4000 0.5098 -0.2404 1.4545
116.5000 0.5083 -0.2531 1.4505
116.6000 0.5067 -0.2658 1.4465
116.7000 0.5051 -0.2784 1.4425
116.8000 0.5035 -0.2911 1.4385
116.9000 0.5018 -0.3037 1.4343
117.0000 0.5000 -0.3164 1.4302
117.1000 0.4982 -0.3290 1.4261
117.2000 0.4963 -0.3416 1.4219
117.3000 0.4944 -0.3543 1.4178
117.4000 0.4924 -0.3669 1.4136
117.5000 0.4904 -0.3795 1.4094
117.6000 0.4883 -0.3921 1.4052
117.7000 0.4862 -0.4046 1.4007
117.8000 0.4840 -0.4172 1.3958
117.9000 0.4817 -0.4297 1.3902
118.0000 0.4794 -0.4422 1.3836
118.1000 0.4770 -0.4546 1.3762
118.2000 0.4745 -0.4670 1.3687
118.3000 0.4719 -0.4794 1.3612
118.4000 0.4692 -0.4918 1.3538
118.5000 0.4665 -0.5042 1.3463
118.6000 0.4636 -0.5165 1.3388
118.7000 0.4606 -0.5288 1.3313
118.8000 0.4576 -0.5411 1.3239
118.9000 0.4544 -0.5533 1.3164
119.0000 0.4512 -0.5656 1.3089
119.1000 0.4479 -0.5778 1.3014
119.2000 0.4444 -0.5900 1.2939
119.3000 0.4409 -0.6021 1.2865
119.4000 0.4373 -0.6143 1.2790
119.5000 0.4336 -0.6264 1.2716
119.6000 0.4298 -0.6385 1.2641
119.7000 0.4260 -0.6497 1.2291
119.8000 0.4231 -0.6550 0.9963
119.9000 0.4168 -0.6636 0.9261
120.0000 0.4099 -0.6715 0.8503
120.1000 0.4025 -0.6787 0.7697
120.2000 0.3946 -0.6851 0.6848
120.3000 0.3861 -0.6906 0.5978
120.4000 0.3772 -0.6953 0.5044
120.5000 0.3680 -0.6988 0.4040
120.6000 0.3587 -0.7012 0.2919
120.7000 0.3483 -0.7030 0.2109
120.8000 0.3360 -0.7054 0.2010
120.9000 0.3236 -0.7078 0.1910
